50.206272 26.264843 -103.5
50.200654 26.264848 -101.6
50.206262 26.264879 -99.8
50.206242 26.264915 -94.4
50.200624 26.264947 -95.4
50.206232 26.264951 -101.8
50.200603 26.264992 -98.5
50.206079 26.265302 -105.9
50.200430 26.265424 -95.4
50.206018 26.265446 -101.9
50.205998 26.265491 -102.4
50.205977 26.265527 -101.8
50.203774 26.265542 -98.0
50.205957 26.265563 -98.2
50.205947 26.265609 -103.8
50.203754 26.265614 -92.8
50.205926 26.265654 -101.9
50.205906 26.265690 -99.4
50.205886 26.265735 -99.7
50.205876 26.265771 -93.1
50.205855 26.265816 -99.5
50.205835 26.265852 -97.4
50.205815 26.265897 -97.2
50.200247 26.265902 -93.7
50.205804 26.265933 -97.4
50.205794 26.265969 -101.4
50.200206 26.265974 -95.3
50.207166 26.265976 -102.0
50.205774 26.266005 -100.3
50.205754 26.266041 -97.0
50.205733 26.266077 -98.2
50.207105 26.266103 -102.8
50.205723 26.266113 -101.4
50.205703 26.266149 -101.7
50.207085 26.266157 -98.0
50.205692 26.266194 -99.5
50.207054 26.266211 -94.4
50.205672 26.266239 -102.4
50.203499 26.266263 -99.0
50.207034 26.266265 -91.7
50.200084 26.266271 -98.5
50.205652 26.266284 -96.7
50.207013 26.266319 -93.3
50.205631 26.266320 -98.8
50.200043 26.266343 -102.3
50.206983 26.266364 -91.3
50.205611 26.266365 -100.8
50.206973 26.266409 -92.1
50.200023 26.266415 -95.5
50.205581 26.266446 -100.0
50.206952 26.266463 -94.8
50.199992 26.266478 -96.4
50.205560 26.266491 -101.6
50.206922 26.266517 -92.1
50.205540 26.266527 -98.6
50.199952 26.266550 -97.5
50.205520 26.266563 -93.8
50.206902 26.266580 -89.6
50.205509 26.266599 -96.0
50.199931 26.266614 -96.3
50.205489 26.266644 -94.4
50.206871 26.266652 -94.2
50.199911 26.266677 -92.4
50.205479 26.266680 -93.4
50.205459 26.266716 -98.0
50.206840 26.266724 -91.9
50.199870 26.266740 -92.0
50.205448 26.266762 -93.8
50.199860 26.266794 -87.0
50.205428 26.266798 -91.9
50.205428 26.266834 -96.1
50.199840 26.266839 -86.2
50.206770 26.266841 -94.1
50.205407 26.266861 -93.7
50.199819 26.266884 -87.0
50.205387 26.266897 -93.0
50.199278 26.266908 -87.9
50.206749 26.266913 -91.6
50.199338 26.266926 -86.9
50.199809 26.266929 -88.7
50.205377 26.266933 -93.1
50.199408 26.266954 -83.2
50.205367 26.266960 -95.8
50.199799 26.266965 -80.6
50.199458 26.266972 -81.4
50.199769 26.266974 -77.1
50.199498 26.266990 -76.0
50.199768 26.266992 -79.7
50.199778 26.266992 -78.7
50.205346 26.266996 -98.5
50.199538 26.267000 -74.8
50.199558 26.267009 -77.8
50.199758 26.267010 -78.6
50.199768 26.267010 -76.2
50.199578 26.267018 -77.7
50.199758 26.267019 -78.8
50.199608 26.267027 -75.6
50.199758 26.267028 -79.7
50.205336 26.267032 -93.5
50.199618 26.267036 -78.1
50.199738 26.267037 -83.0
50.206698 26.267039 -92.6
50.199648 26.267045 -78.8
50.199668 26.267045 -74.9
50.199698 26.267046 -72.5
50.199718 26.267046 -74.9
50.199758 26.267046 -70.3
50.199758 26.267055 -75.2
50.199768 26.267073 -74.9
50.205326 26.267077 -93.2
50.199778 26.267091 -73.4
50.206678 26.267093 -88.6
50.206007 26.267099 -88.3
50.199788 26.267100 -77.5
50.199818 26.267109 -73.6
50.205306 26.267113 -98.3
50.199838 26.267119 -78.6
50.205986 26.267135 -90.4
50.199858 26.267137 -75.8
50.199908 26.267146 -83.7
50.206647 26.267147 -86.2
50.205295 26.267158 -96.3
50.199948 26.267164 -80.4
50.205976 26.267171 -93.8
50.200007 26.267192 -81.2
50.205275 26.267194 -99.0
50.206627 26.267201 -85.6
50.200077 26.267210 -78.7
50.205956 26.267216 -89.0
50.200147 26.267229 -81.1
50.205255 26.267230 -101.4
50.206596 26.267255 -87.7
50.200227 26.267256 -77.9
50.205935 26.267261 -88.6
50.205234 26.267275 -101.0
50.200327 26.267293 -81.1
50.206586 26.267301 -86.5
50.205915 26.267306 -89.6
50.205224 26.267311 -101.7
50.200417 26.267320 -78.8
50.206566 26.267337 -88.8
50.205905 26.267351 -90.8
50.205204 26.267356 -98.1
50.200517 26.267357 -78.9
50.206545 26.267391 -86.9
50.200617 26.267403 -78.2
50.205874 26.267405 -89.9
50.205183 26.267410 -98.6
50.206525 26.267436 -86.8
50.205854 26.267450 -88.8
50.205163 26.267455 -99.2
50.200817 26.267476 -79.4
50.206505 26.267490 -88.9
50.205153 26.267491 -98.3
50.205824 26.267504 -97.8
50.200917 26.267513 -79.2
50.205122 26.267536 -97.4
50.206474 26.267544 -92.3
50.201016 26.267550 -78.9
50.205813 26.267558 -94.1
50.201116 26.267586 -80.0
50.202959 26.267587 -91.6
50.206454 26.267598 -91.5
50.201206 26.267614 -80.6
50.205082 26.267617 -98.6
50.205793 26.267621 -98.1
50.200966 26.267631 -86.4
50.201006 26.267631 -77.9
50.200926 26.267639 -73.4
50.201046 26.267649 -71.3
50.201296 26.267650 -79.7
50.202929 26.267650 -89.0
50.205062 26.267653 -100.9
50.203720 26.267655 -96.2
50.200896 26.267657 -83.6
50.206423 26.267661 -89.0
50.207144 26.267665 -98.5
50.201096 26.267667 -69.7
50.200875 26.267675 -80.6
50.205762 26.267675 -95.8
50.201386 26.267678 -78.9
50.201146 26.267686 -69.0
50.205051 26.267689 -99.6
50.201216 26.267704 -67.3
50.201466 26.267706 -73.1
50.200855 26.267711 -77.9
50.202908 26.267714 -89.7
50.207114 26.267719 -88.0
50.206393 26.267724 -88.1
50.205031 26.267725 -97.2
50.205732 26.267729 -91.2
50.201286 26.267732 -66.5
50.201546 26.267733 -73.8
50.200835 26.267738 -73.1
50.205021 26.267752 -97.9
50.201366 26.267759 -65.5
50.201626 26.267761 -73.2
50.200815 26.267774 -81.4
50.202878 26.267777 -87.8
50.201425 26.267778 -65.0
50.205712 26.267783 -93.6
50.206373 26.267787 -83.8
50.201706 26.267788 -74.3
50.205001 26.267788 -99.4
50.203659 26.267790 -94.0
50.207094 26.267791 -91.9
50.201505 26.267814 -64.7
50.204980 26.267815 -99.1
50.201786 26.267816 -77.1
50.201856 26.267834 -76.7
50.205691 26.267837 -91.8
50.201575 26.267842 -65.5
50.201916 26.267843 -77.8
50.206342 26.267850 -82.7
50.204970 26.267851 -97.1
50.207063 26.267854 -93.1
50.201645 26.267869 -66.5
50.201986 26.267871 -73.7
50.204960 26.267878 -98.1
50.205671 26.267882 -94.8
50.202056 26.267889 -74.1
50.202827 26.267894 -88.4
50.201725 26.267897 -64.5
50.204950 26.267905 -96.9
50.202136 26.267908 -73.0
50.206322 26.267913 -85.1
50.201795 26.267915 -65.0
50.207033 26.267917 -89.3
50.205661 26.267918 -89.7
50.204939 26.267932 -97.2
50.201865 26.267943 -64.5
50.202205 26.267944 -75.4
50.205640 26.267945 -95.4
50.202806 26.267948 -86.4
50.202275 26.267963 -77.9
50.206301 26.267967 -82.3
50.204919 26.267968 -92.7
50.201945 26.267970 -64.3
50.203577 26.267979 -88.7
50.202335 26.267981 -75.8
50.205630 26.267981 -91.4
50.207002 26.267989 -88.9
50.204909 26.267996 -95.4
50.202025 26.267998 -65.5
50.202786 26.268002 -79.7
50.203557 26.268015 -92.9
50.202085 26.268016 -64.2
50.205620 26.268018 -90.7
50.202405 26.268018 -78.5
50.207673 26.268020 -90.3
50.206271 26.268021 -84.5
50.204899 26.268032 -94.6
50.202145 26.268034 -65.4
50.202475 26.268036 -74.3
50.203547 26.268042 -87.4
50.202776 26.268047 -73.2
50.206972 26.268052 -100.7
50.205610 26.268054 -95.7
50.202545 26.268055 -75.5
50.202205 26.268062 -64.4
50.204878 26.268068 -94.8
50.207642 26.268074 -90.3
50.206250 26.268075 -85.3
50.202255 26.268080 -64.3
50.205589 26.268081 -99.6
50.202615 26.268082 -73.5
50.203536 26.268087 -85.3
50.202775 26.268092 -68.3
50.202665 26.268100 -72.5
50.204868 26.268104 -95.3
50.206220 26.268120 -87.1
50.203516 26.268123 -87.0
50.206941 26.268124 -90.6
50.205579 26.268126 -99.4
50.202725 26.268128 -73.6
50.207622 26.268137 -86.9
50.202785 26.268137 -61.4
50.204858 26.268140 -95.0
50.202795 26.268155 -72.5
50.203506 26.268159 -79.0
50.205559 26.268171 -90.1
50.202795 26.268173 -71.6
50.202855 26.268174 -72.6
50.206210 26.268174 -90.5
50.204838 26.268176 -93.0
50.206921 26.268187 -90.3
50.207602 26.268191 -84.9
50.202915 26.268192 -69.1
50.203496 26.268195 -77.0
50.202995 26.268202 -63.1
50.202825 26.268210 -70.8
50.206189 26.268210 -90.1
50.204827 26.268212 -92.9
50.202975 26.268220 -71.8
50.203035 26.268220 -64.1
50.203485 26.268222 -73.7
50.205528 26.268225 -91.7
50.203075 26.268229 -68.3
50.204807 26.268239 -92.1
50.203035 26.268247 -70.5
50.203125 26.268247 -67.5
50.207571 26.268254 -83.9
50.202874 26.268255 -75.8
50.206169 26.268255 -89.1
50.203475 26.268258 -77.8
50.206890 26.268259 -88.8
50.203105 26.268265 -73.7
50.203165 26.268266 -66.3
50.205508 26.268270 -90.5
50.202904 26.268273 -72.9
50.204797 26.268275 -93.8
50.203215 26.268275 -64.6
50.203465 26.268276 -67.8
50.202924 26.268282 -67.3
50.202944 26.268283 -67.7
50.202974 26.268283 -63.1
50.206149 26.268291 -90.6
50.202964 26.268292 -69.2
50.202974 26.268292 -69.9
50.202984 26.268292 -68.5
50.203004 26.268292 -61.6
50.203174 26.268293 -70.4
50.203255 26.268293 -64.9
50.203445 26.268294 -69.8
50.202964 26.268301 -70.9
50.202984 26.268301 -70.4
50.203445 26.268303 -71.8
50.200591 26.268306 -87.2
50.207541 26.268308 -86.9
50.202974 26.268310 -69.5
50.202984 26.268310 -71.1
50.203024 26.268310 -60.7
50.204777 26.268311 -91.5
50.203234 26.268311 -72.0
50.203295 26.268312 -64.8
50.203425 26.268312 -70.6
50.205498 26.268315 -91.3
50.203064 26.268319 -59.5
50.203405 26.268321 -72.4
50.206860 26.268322 -89.2
50.206149 26.268327 -90.6
50.203114 26.268329 -58.4
50.203324 26.268330 -66.7
50.203354 26.268330 -66.2
50.203385 26.268330 -64.6
50.204756 26.268338 -93.4
50.203304 26.268339 -70.0
50.206128 26.268354 -91.5
50.203174 26.268356 -59.8
50.207520 26.268362 -87.5
50.204746 26.268365 -90.8
50.203364 26.268366 -70.3
50.205467 26.268369 -86.6
50.203244 26.268384 -58.9
50.203424 26.268385 -71.3
50.206829 26.268385 -86.4
50.206108 26.268399 -91.0
50.203314 26.268411 -58.3
50.203494 26.268412 -69.2
50.207500 26.268416 -85.2
50.200540 26.268423 -83.9
50.205447 26.268423 -89.4
50.204726 26.268428 -90.4
50.203394 26.268439 -57.9
50.206809 26.268439 -81.8
50.203564 26.268440 -73.4
50.206088 26.268444 -90.4
50.204716 26.268455 -86.7
50.203464 26.268457 -58.8
50.203634 26.268458 -70.7
50.207480 26.268470 -83.3
50.203704 26.268476 -71.8
50.206077 26.268481 -91.0
50.203524 26.268484 -59.4
50.205416 26.268486 -90.7
50.204695 26.268491 -87.9
50.206778 26.268502 -80.7
50.203594 26.268503 -61.1
50.203764 26.268504 -67.5
50.203433 26.268511 -70.4
50.203463 26.268511 -73.6
50.203513 26.268511 -71.8
50.204685 26.268518 -83.2
50.203413 26.268520 -73.3
50.203824 26.268522 -67.4
50.207449 26.268524 -84.9
50.203383 26.268529 -81.7
50.203553 26.268530 -70.2
50.203664 26.268530 -59.4
50.206047 26.268535 -90.0
50.203593 26.268539 -67.7
50.205396 26.268540 -90.3
50.203363 26.268547 -79.2
50.203633 26.268548 -66.5
50.203724 26.268549 -59.6
50.203884 26.268550 -67.0
50.204064 26.268551 -72.2
50.204675 26.268554 -83.2
50.204064 26.268560 -59.0
50.203343 26.268565 -77.4
50.206758 26.268566 -88.7
50.203683 26.268567 -64.1
50.203934 26.268568 -69.7
50.207429 26.268569 -78.9
50.203733 26.268576 -62.0
50.203783 26.268576 -60.7
50.203974 26.268577 -70.3
50.204074 26.268578 -54.5
50.204665 26.268581 -80.5
50.204024 26.268587 -69.4
50.204074 26.268587 -63.6
50.206027 26.268589 -88.0
50.203333 26.268592 -84.6
50.205376 26.268594 -88.1
50.203763 26.268594 -60.4
50.203853 26.268595 -59.7
50.204094 26.268596 -65.8
50.203813 26.268603 -60.3
50.203853 26.268604 -58.7
50.204074 26.268605 -69.2
50.204114 26.268605 -67.8
50.204134 26.268605 -68.4
50.204654 26.268608 -78.0
50.207408 26.268614 -81.3
50.204174 26.268614 -65.8
50.203322 26.268619 -83.2
50.206727 26.268620 -88.9
50.203873 26.268622 -59.2
50.203913 26.268622 -58.3
50.204194 26.268624 -62.1
50.203893 26.268631 -58.9
50.204124 26.268632 -70.1
50.204644 26.268635 -78.4
50.200438 26.268639 -88.9
50.205345 26.268639 -87.0
50.203913 26.268640 -62.3
50.204174 26.268642 -72.8
50.204224 26.268642 -64.9
50.206006 26.268643 -90.1
50.203933 26.268649 -64.7
50.203983 26.268649 -60.0
50.207388 26.268650 -79.2
50.204264 26.268651 -69.8
50.204634 26.268653 -76.8
50.203943 26.268658 -74.4
50.204304 26.268660 -64.0
50.203953 26.268667 -63.0
50.204053 26.268668 -61.6
50.204233 26.268669 -69.9
50.204624 26.268671 -76.3
50.203292 26.268673 -87.2
50.203963 26.268676 -70.8
50.204344 26.268679 -64.8
50.206707 26.268683 -87.9
50.204303 26.268687 -68.9
50.205986 26.268688 -86.7
50.204374 26.268688 -63.5
50.204614 26.268689 -68.8
50.200418 26.268693 -90.0
50.205325 26.268693 -80.1
50.203963 26.268695 -74.1
50.204133 26.268695 -60.8
50.204414 26.268697 -65.5
50.203282 26.268700 -88.0
50.203963 26.268704 -69.9
50.207368 26.268704 -78.9
50.204363 26.268706 -68.4
50.204604 26.268707 -70.4
50.204433 26.268715 -65.2
50.204473 26.268715 -63.0
50.204594 26.268716 -66.2
50.204213 26.268723 -62.4
50.204503 26.268725 -60.1
50.204574 26.268725 -67.0
50.204533 26.268734 -59.5
50.204553 26.268734 -59.3
50.203262 26.268736 -90.7
50.200387 26.268738 -85.0
50.205305 26.268738 -80.0
50.207347 26.268740 -76.9
50.205965 26.268742 -86.2
50.204423 26.268742 -70.1
50.204303 26.268751 -60.2
50.203251 26.268754 -89.2
50.206666 26.268755 -90.6
50.204493 26.268761 -65.7
50.203251 26.268763 -94.0
50.207337 26.268776 -77.4
50.204553 26.268779 -68.7
50.203231 26.268781 -93.2
50.203241 26.268781 -91.1
50.205284 26.268783 -75.5
50.205945 26.268787 -82.2
50.204403 26.268787 -58.5
50.203231 26.268790 -92.1
50.208148 26.268790 -71.8
50.203231 26.268799 -93.8
50.200367 26.268801 -86.4
50.204613 26.268806 -67.2
50.203221 26.268808 -89.9
50.206646 26.268809 -88.4
50.203221 26.268817 -89.8
50.207317 26.268821 -76.8
50.205935 26.268823 -82.2
50.204493 26.268824 -57.1
50.204673 26.268825 -66.0
50.203211 26.268826 -86.5
50.205264 26.268828 -77.0
50.203211 26.268835 -86.7
50.204733 26.268843 -67.1
50.203211 26.268853 -94.8
50.204583 26.268860 -58.9
50.203201 26.268862 -89.3
50.205254 26.268864 -72.2
50.207297 26.268866 -76.0
50.204793 26.268871 -62.7
50.205904 26.268877 -84.5
50.203191 26.268880 -87.1
50.206615 26.268881 -89.0
50.204843 26.268889 -61.3
50.205233 26.268891 -68.4
50.204683 26.268897 -60.5
50.203180 26.268898 -86.8
50.204903 26.268907 -64.4
50.207276 26.268912 -70.8
50.205884 26.268913 -81.0
50.203170 26.268916 -86.5
50.205233 26.268918 -64.8
50.204592 26.268924 -64.8
50.204622 26.268924 -67.2
50.204642 26.268924 -72.2
50.204783 26.268925 -62.1
50.204953 26.268926 -68.5
50.204572 26.268933 -67.1
50.204672 26.268933 -64.0
50.204712 26.268933 -59.5
50.203170 26.268934 -87.4
50.204562 26.268942 -72.2
50.204752 26.268943 -58.4
50.205243 26.268945 -62.5
50.205874 26.268949 -77.8
50.204542 26.268951 -71.8
50.203160 26.268952 -90.7
50.206595 26.268953 -87.5
50.205023 26.268953 -64.8
50.207256 26.268957 -75.1
50.204792 26.268961 -60.4
50.204882 26.268961 -60.2
50.205253 26.268964 -54.3
50.204532 26.268969 -74.5
50.203160 26.268970 -86.8
50.205073 26.268972 -66.1
50.204512 26.268977 -80.5
50.208067 26.268979 -77.2
50.204832 26.268979 -64.3
50.205263 26.268982 -56.0
50.205854 26.268985 -74.6
50.204862 26.268988 -59.8
50.205133 26.268990 -64.4
50.203150 26.268997 -91.3
50.204902 26.268998 -58.8
50.204982 26.268998 -55.5
50.205283 26.269000 -57.2
50.204492 26.269004 -83.4
50.203140 26.269006 -89.1
50.203150 26.269006 -93.1
50.205193 26.269008 -63.6
50.205313 26.269009 -62.2
50.207235 26.269011 -67.3
50.205843 26.269012 -72.5
50.206554 26.269016 -86.2
50.204942 26.269016 -56.0
50.203139 26.269024 -88.7
50.203149 26.269024 -90.8
50.204972 26.269025 -55.4
50.205072 26.269026 -55.5
50.205253 26.269027 -59.8
50.205353 26.269027 -58.9
50.204481 26.269031 -86.1
50.203139 26.269033 -93.4
50.203149 26.269033 -90.9
50.205002 26.269034 -54.6
50.203119 26.269042 -92.1
50.203129 26.269042 -88.7
50.205403 26.269046 -56.0
50.205833 26.269048 -66.9
50.205042 26.269053 -56.2
50.205312 26.269054 -61.3
50.207215 26.269056 -72.2
50.204471 26.269059 -80.0
50.203119 26.269060 -93.0
50.205062 26.269062 -58.6
50.205162 26.269062 -53.0
50.205443 26.269064 -62.0
50.203109 26.269069 -93.2
50.208026 26.269069 -77.6
50.203099 26.269078 -92.0
50.205092 26.269080 -64.5
50.205372 26.269082 -62.7
50.205492 26.269082 -59.2
50.205823 26.269084 -61.6
50.204451 26.269085 -83.0
50.206534 26.269088 -83.6
50.205102 26.269089 -57.8
50.205262 26.269090 -54.5
50.205542 26.269092 -62.0
50.203089 26.269096 -93.2
50.205102 26.269098 -61.0
50.205803 26.269102 -58.9
50.205112 26.269107 -65.5
50.205442 26.269109 -62.7
50.207195 26.269110 -73.2
50.205602 26.269110 -61.9
50.204451 26.269113 -85.3
50.203079 26.269114 -93.0
50.205112 26.269116 -65.9
50.205352 26.269118 -58.0
50.205783 26.269120 -59.5
50.205112 26.269125 -67.1
50.205512 26.269127 -62.6
50.205652 26.269128 -62.8
50.205112 26.269134 -69.9
50.205692 26.269138 -65.8
50.205762 26.269138 -59.4
50.204441 26.269140 -86.7
50.203069 26.269141 -95.2
50.205112 26.269143 -72.7
50.205572 26.269146 -60.6
50.205732 26.269147 -57.9
50.206503 26.269151 -80.8
50.205101 26.269152 -70.4
50.205432 26.269154 -56.8
50.207174 26.269155 -70.0
50.203058 26.269159 -94.6
50.204420 26.269167 -89.5
50.205101 26.269170 -73.4
50.205652 26.269173 -58.0
50.207995 26.269177 -76.2
50.205522 26.269191 -55.8
50.205081 26.269197 -70.8
50.205722 26.269201 -59.6
50.204410 26.269203 -90.9
50.203048 26.269204 -92.9
50.206473 26.269214 -75.3
50.207144 26.269218 -73.4
50.205612 26.269218 -54.9
50.205792 26.269219 -63.3
50.204400 26.269221 -88.5
50.203038 26.269231 -91.6
50.204390 26.269239 -89.6
50.205071 26.269242 -77.2
50.205872 26.269247 -61.6
50.203028 26.269249 -93.8
50.205702 26.269255 -55.0
50.206453 26.269259 -70.6
50.207134 26.269263 -74.4
50.204380 26.269266 -88.0
50.205942 26.269274 -61.0
50.205792 26.269283 -56.0
50.203007 26.269285 -93.1
50.207945 26.269285 -75.4
50.204369 26.269293 -88.7
50.206012 26.269293 -60.7
50.205050 26.269296 -79.8
50.202997 26.269303 -92.7
50.207113 26.269308 -75.0
50.205871 26.269310 -51.3
50.204359 26.269311 -96.7
50.206072 26.269311 -61.3
50.206432 26.269313 -63.3
50.205761 26.269318 -59.7
50.205781 26.269319 -55.4
50.205821 26.269319 -59.8
50.205861 26.269319 -55.5
50.202997 26.269330 -92.5
50.205751 26.269336 -67.5
50.205961 26.269338 -51.9
50.204339 26.269338 -86.1
50.206142 26.269339 -61.9
50.206422 26.269340 -50.1
50.205030 26.269342 -82.7
50.207093 26.269344 -78.3
50.205911 26.269346 -56.7
50.205731 26.269354 -67.7
50.206212 26.269357 -62.6
50.202967 26.269357 -88.9
50.205961 26.269365 -54.7
50.206041 26.269365 -50.1
50.206442 26.269367 -56.5
50.204329 26.269374 -89.9
50.202967 26.269375 -94.1
50.206272 26.269375 -58.5
50.205721 26.269381 -66.3
50.207914 26.269385 -75.6
50.207073 26.269389 -73.9
50.206021 26.269392 -52.8
50.206121 26.269393 -49.1
50.202957 26.269393 -90.6
50.206452 26.269395 -63.5
50.204319 26.269401 -90.2
50.206332 26.269403 -58.9
50.205000 26.269405 -82.6
50.205711 26.269408 -73.0
50.206091 26.269411 -52.5
50.206472 26.269413 -65.6
50.206201 26.269420 -49.0
50.202946 26.269420 -85.1
50.206401 26.269421 -61.6
50.207062 26.269425 -69.5
50.206512 26.269431 -61.1
50.205690 26.269435 -77.9
50.204298 26.269437 -89.1
50.206151 26.269438 -50.6
50.202936 26.269438 -81.1
50.206461 26.269440 -59.8
50.206562 26.269449 -58.2
50.206211 26.269456 -51.9
50.206271 26.269457 -49.2
50.206521 26.269458 -60.2
50.204969 26.269459 -88.8
50.207042 26.269461 -65.1
50.202926 26.269465 -83.1
50.207873 26.269466 -73.2
50.204288 26.269473 -90.0
50.206581 26.269476 -58.9
50.206621 26.269477 -58.4
50.205660 26.269480 -79.0
50.206251 26.269484 -52.1
50.206351 26.269484 -50.8
50.202916 26.269492 -86.9
50.206681 26.269495 -63.4
50.207032 26.269497 -63.2
50.206291 26.269502 -57.4
50.206641 26.269504 -56.9
50.204278 26.269509 -88.4
50.206301 26.269511 -57.7
50.206431 26.269512 -51.1
50.206691 26.269513 -60.2
50.206741 26.269513 -59.5
50.207012 26.269524 -54.7
50.205650 26.269526 -82.6
50.206311 26.269529 -62.1
50.204949 26.269531 -88.6
50.206801 26.269532 -60.8
50.206511 26.269539 -50.9
50.206761 26.269541 -57.6
50.204258 26.269545 -90.1
50.202896 26.269546 -92.0
50.206311 26.269547 -67.6
50.206991 26.269551 -58.6
50.207843 26.269556 -70.7
50.206831 26.269559 -61.0
50.206861 26.269559 -62.2
50.206300 26.269565 -71.8
50.206591 26.269567 -52.2
50.206901 26.269569 -59.8
50.206941 26.269569 -57.0
50.202875 26.269573 -96.8
50.206881 26.269577 -59.7
50.204247 26.269581 -87.2
50.206290 26.269583 -70.1
50.205619 26.269589 -82.8
50.204918 26.269594 -86.3
50.202865 26.269600 -86.6
50.206280 26.269601 -68.8
50.206671 26.269603 -52.0
50.206941 26.269605 -57.7
50.204227 26.269608 -86.7
50.206991 26.269623 -58.8
50.202855 26.269627 -92.5
50.207812 26.269628 -65.0
50.206280 26.269628 -71.7
50.207051 26.269633 -62.1
50.204217 26.269635 -85.8
50.206751 26.269640 -52.9
50.207091 26.269651 -64.0
50.205589 26.269652 -84.1
50.204207 26.269662 -85.3
50.206260 26.269664 -72.3
50.204888 26.269666 -88.7
50.206840 26.269668 -57.1
50.207141 26.269669 -59.6
50.207171 26.269687 -58.5
50.204196 26.269689 -83.9
50.207792 26.269700 -63.8
50.206239 26.269700 -76.1
50.206930 26.269704 -56.0
50.207211 26.269706 -60.4
50.204186 26.269707 -89.4
50.205558 26.269724 -83.5
50.207231 26.269724 -60.7
50.204176 26.269725 -80.6
50.204857 26.269729 -88.7
50.206990 26.269732 -56.7
50.207020 26.269732 -55.9
50.207261 26.269733 -58.7
50.207020 26.269741 -60.9
50.207291 26.269742 -60.5
50.204176 26.269743 -85.4
50.206970 26.269750 -58.7
50.207050 26.269750 -58.1
50.207311 26.269751 -63.5
50.207321 26.269751 -65.2
50.207331 26.269751 -62.7
50.207351 26.269752 -60.3
50.207771 26.269754 -67.6
50.206950 26.269758 -62.4
50.207090 26.269759 -58.7
50.207100 26.269759 -59.3
50.207341 26.269761 -62.8
50.207351 26.269761 -61.7
50.204166 26.269761 -84.6
50.206219 26.269763 -79.1
50.206930 26.269767 -60.9
50.207351 26.269770 -60.0
50.207361 26.269770 -59.5
50.207371 26.269770 -59.7
50.207140 26.269778 -57.8
50.207370 26.269779 -61.1
50.207380 26.269779 -67.2
50.207401 26.269779 -67.3
50.207410 26.269788 -65.4
50.204156 26.269788 -83.9
50.206910 26.269794 -68.3
50.205528 26.269796 -83.4
50.207180 26.269796 -58.4
50.207190 26.269796 -58.7
50.207430 26.269797 -63.9
50.207761 26.269799 -63.3
50.204827 26.269801 -87.6
50.204146 26.269806 -80.6
50.207450 26.269806 -62.6
50.207470 26.269806 -63.9
50.207250 26.269814 -58.4
50.207490 26.269816 -66.0
50.207250 26.269823 -59.5
50.206178 26.269826 -81.8
50.206899 26.269830 -70.2
50.207320 26.269833 -59.4
50.204135 26.269833 -86.4
50.207510 26.269834 -67.3
50.207761 26.269835 -61.3
50.207320 26.269842 -58.1
50.207360 26.269851 -62.8
50.207530 26.269852 -62.0
50.206879 26.269857 -68.5
50.204125 26.269860 -79.1
50.207550 26.269861 -64.2
50.207781 26.269862 -63.2
50.208361 26.269866 -67.5
50.205497 26.269868 -84.5
50.207370 26.269869 -60.8
50.207390 26.269869 -61.8
50.204806 26.269873 -88.9
50.207570 26.269879 -61.5
50.207820 26.269881 -64.7
50.204115 26.269887 -77.9
50.207420 26.269887 -67.4
50.206859 26.269893 -70.5
50.207410 26.269896 -62.5
50.207580 26.269897 -60.9
50.206148 26.269907 -80.2
50.207870 26.269908 -65.3
50.207440 26.269915 -64.2
50.204105 26.269923 -87.2
50.207580 26.269924 -61.1
50.205467 26.269931 -85.0
50.207450 26.269933 -67.4
50.207940 26.269935 -62.1
50.204776 26.269936 -84.9
50.206829 26.269938 -73.7
50.204085 26.269950 -86.9
50.207449 26.269951 -66.2
50.207590 26.269952 -64.3
50.207449 26.269960 -66.2
50.207600 26.269970 -64.3
50.208321 26.269974 -64.9
50.207449 26.269978 -64.6
50.208320 26.269983 -63.3
50.204074 26.269986 -86.3
50.206117 26.269989 -80.2
50.204745 26.269990 -83.6
50.208090 26.269990 -66.3
50.208320 26.269992 -63.3
50.206808 26.269992 -76.4
50.207599 26.269997 -65.4
50.205436 26.270003 -86.3
50.207439 26.270005 -64.2
50.207449 26.270005 -63.9
50.208320 26.270010 -61.4
50.208170 26.270018 -54.8
50.208320 26.270019 -59.2
50.208350 26.270019 -58.3
50.208360 26.270019 -57.4
50.204054 26.270022 -90.2
50.207599 26.270024 -66.1
50.208320 26.270028 -60.8
50.208350 26.270028 -54.8
50.208360 26.270028 -57.1
50.207429 26.270032 -58.3
50.207439 26.270032 -64.4
50.207679 26.270033 -63.5
50.207709 26.270033 -64.3
50.204735 26.270035 -83.6
50.208330 26.270037 -54.2
50.208340 26.270037 -54.9
50.208350 26.270037 -55.5
50.206798 26.270037 -76.0
50.207739 26.270043 -70.2
50.207779 26.270043 -68.7
50.208260 26.270046 -55.9
50.207429 26.270050 -62.4
50.207599 26.270051 -64.8
50.207649 26.270051 -68.7
50.207819 26.270052 -67.1
50.208330 26.270055 -62.2
50.208360 26.270055 -61.0
50.205406 26.270057 -85.3
50.207629 26.270060 -66.3
50.207849 26.270061 -66.5
50.204044 26.270067 -94.2
50.207419 26.270068 -63.6
50.206087 26.270070 -82.2
50.204715 26.270071 -83.8
50.207419 26.270077 -59.9
50.207599 26.270078 -60.5
50.207889 26.270080 -62.1
50.207929 26.270080 -58.2
50.207589 26.270087 -64.9
50.207999 26.270089 -54.8
50.208009 26.270089 -54.5
50.208029 26.270089 -56.5
50.206767 26.270091 -75.5
50.207949 26.270098 -57.8
50.207999 26.270098 -54.8
50.208049 26.270099 -64.7
50.208430 26.270101 -60.8
50.205385 26.270102 -84.3
50.204023 26.270103 -91.7
50.207398 26.270104 -63.0
50.207408 26.270104 -60.2
50.207579 26.270105 -62.0
50.204694 26.270107 -91.7
50.207969 26.270107 -58.0
50.207979 26.270107 -54.7
50.207999 26.270107 -54.7
50.208009 26.270107 -54.6
50.208079 26.270108 -58.9
50.208430 26.270110 -60.3
50.208450 26.270110 -59.2
50.207989 26.270116 -53.5
50.207999 26.270116 -54.4
50.208009 26.270116 -54.4
50.208109 26.270117 -62.5
50.207568 26.270123 -62.6
50.207578 26.270123 -59.2
50.208510 26.270128 -64.9
50.207398 26.270131 -63.5
50.208139 26.270135 -59.0
50.205375 26.270138 -80.7
50.204013 26.270139 -92.5
50.204674 26.270143 -80.9
50.208179 26.270144 -58.2
50.206747 26.270146 -70.8
50.207558 26.270150 -62.4
50.206056 26.270151 -82.8
50.208219 26.270154 -61.3
50.207378 26.270158 -60.4
50.207558 26.270159 -64.4
50.208249 26.270163 -59.0
50.205365 26.270165 -83.2
50.203993 26.270175 -91.7
50.207378 26.270176 -61.5
50.208289 26.270181 -58.7
50.207538 26.270186 -65.0
50.204654 26.270188 -80.3
50.205345 26.270192 -82.6
50.207548 26.270195 -68.0
50.208279 26.270199 -55.7
50.208319 26.270199 -53.6
50.206717 26.270200 -75.7
50.207358 26.270212 -66.5
50.206016 26.270214 -84.9
50.208259 26.270217 -58.2
50.205335 26.270219 -78.8
50.203973 26.270220 -91.4
50.207518 26.270222 -67.2
50.207357 26.270230 -63.1
50.207528 26.270231 -68.0
50.208239 26.270235 -57.3
50.206706 26.270245 -78.3
50.205324 26.270246 -80.8
50.204623 26.270251 -95.2
50.208219 26.270253 -52.7
50.207507 26.270258 -71.0
50.207507 26.270267 -64.9
50.203952 26.270275 -94.0
50.208198 26.270280 -52.3
50.205314 26.270282 -81.4
50.207327 26.270284 -69.1
50.205995 26.270286 -82.9
50.207487 26.270294 -68.9
50.206686 26.270299 -75.9
50.207337 26.270302 -69.5
50.208178 26.270307 -54.6
50.203932 26.270311 -94.5
50.207497 26.270312 -70.2
50.205284 26.270327 -82.0
50.207467 26.270339 -67.5
50.204583 26.270341 -90.6
50.206656 26.270344 -74.8
50.205965 26.270349 -83.0
50.208158 26.270352 -54.9
50.203901 26.270356 -96.4
50.207477 26.270357 -70.9
50.207296 26.270365 -71.5
50.205263 26.270372 -81.2
50.207457 26.270375 -71.3
50.207296 26.270383 -69.5
50.208147 26.270388 -55.3
50.206635 26.270389 -75.1
50.207466 26.270402 -69.0
50.205934 26.270403 -79.5
50.203891 26.270410 -94.1
50.207436 26.270420 -70.4
50.204552 26.270422 -93.3
50.208127 26.270424 -60.5
50.205243 26.270435 -80.9
50.207446 26.270438 -70.9
50.206615 26.270443 -76.4
50.205924 26.270448 -83.7
50.203861 26.270455 -91.3
50.207276 26.270455 -73.7
50.207266 26.270464 -73.0
50.207416 26.270465 -74.1
50.205914 26.270475 -82.0
50.208107 26.270478 -56.7
50.206595 26.270488 -76.6
50.207426 26.270492 -71.1
50.205893 26.270493 -80.4
50.204521 26.270494 -90.8
50.203840 26.270500 -92.4
50.207396 26.270501 -71.0
50.205212 26.270507 -88.1
50.206574 26.270515 -73.7
50.207385 26.270537 -75.0
50.207405 26.270537 -73.5
50.205883 26.270538 -83.0
50.208076 26.270541 -63.0
50.206554 26.270542 -77.8
50.203810 26.270545 -93.0
50.207235 26.270555 -75.6
50.206544 26.270560 -78.0
50.207235 26.270564 -73.7
50.204501 26.270567 -92.9
50.206534 26.270578 -80.9
50.205182 26.270579 -87.7
50.203790 26.270581 -93.0
50.207365 26.270582 -72.6
50.205863 26.270583 -75.8
50.207385 26.270591 -72.8
50.208046 26.270604 -65.6
50.206524 26.270605 -80.1
50.203780 26.270608 -91.6
50.207355 26.270618 -71.3
50.206513 26.270623 -80.3
50.203769 26.270635 -86.6
50.207355 26.270636 -72.9
50.206493 26.270641 -77.0
50.205832 26.270646 -80.1
50.204460 26.270648 -92.7
50.207194 26.270654 -74.4
50.205151 26.270660 -86.4
50.203759 26.270662 -89.5
50.207334 26.270663 -73.1
50.206483 26.270677 -80.1
50.203749 26.270689 -90.3
50.207324 26.270690 -74.3
50.207314 26.270699 -75.5
50.203739 26.270707 -85.3
50.206473 26.270713 -80.2
50.205802 26.270727 -84.0
50.204430 26.270729 -92.2
50.203719 26.270734 -85.9
50.207304 26.270736 -74.1
50.207314 26.270736 -75.5
50.205111 26.270750 -89.8
50.207164 26.270753 -75.8
50.206452 26.270758 -77.8
50.207143 26.270762 -74.8
50.207284 26.270762 -73.4
50.203708 26.270770 -90.0
50.207294 26.270781 -74.6
50.204399 26.270792 -90.3
50.207263 26.270798 -75.9
50.203698 26.270806 -87.0
50.206442 26.270812 -81.2
50.205761 26.270817 -86.1
50.205080 26.270832 -92.7
50.207273 26.270835 -76.0
50.207954 26.270838 -68.1
50.207253 26.270844 -75.0
50.203678 26.270851 -91.2
50.206432 26.270857 -80.5
50.207103 26.270861 -78.6
50.207123 26.270861 -77.4
50.204369 26.270864 -92.4
50.207233 26.270871 -78.5
50.207253 26.270880 -77.8
50.207934 26.270883 -68.9
50.205049 26.270904 -87.2
50.203657 26.270905 -89.5
50.207223 26.270907 -74.9
50.207243 26.270907 -73.6
50.207263 26.270907 -76.5
50.207283 26.270907 -75.8
50.207293 26.270907 -75.9
50.207313 26.270907 -75.4
50.205720 26.270907 -88.1
50.206401 26.270911 -80.5
50.207223 26.270916 -75.1
50.207313 26.270916 -80.2
50.207323 26.270916 -74.2
50.207202 26.270925 -77.2
50.207233 26.270925 -73.0
50.207353 26.270925 -77.0
50.204338 26.270927 -88.4
50.207913 26.270928 -67.4
50.207383 26.270935 -77.4
50.207192 26.270943 -78.2
50.207212 26.270943 -76.6
50.207423 26.270944 -74.3
50.207082 26.270951 -79.1
50.203637 26.270959 -92.5
50.207473 26.270962 -73.4
50.206371 26.270965 -83.3
50.205019 26.270967 -91.0
50.207072 26.270969 -77.0
50.207172 26.270970 -78.2
50.207192 26.270970 -77.6
50.207903 26.270974 -69.5
50.207212 26.270979 -78.2
50.205690 26.270979 -92.5
50.207533 26.270981 -76.3
50.204318 26.270981 -88.5
50.207603 26.270999 -71.5
50.207883 26.271001 -70.6
50.207182 26.271006 -77.9
50.204989 26.271012 -91.7
50.203607 26.271013 -91.9
50.207162 26.271015 -79.9
50.204308 26.271017 -91.6
50.206351 26.271019 -84.0
50.207182 26.271024 -79.6
50.207662 26.271026 -74.1
50.207873 26.271028 -69.8
50.207162 26.271042 -79.8
50.207722 26.271045 -75.1
50.207041 26.271050 -78.2
50.207142 26.271051 -80.7
50.204287 26.271053 -92.9
50.207863 26.271055 -72.4
50.204968 26.271057 -93.1
50.205659 26.271060 -92.1
50.207792 26.271072 -77.4
50.206320 26.271073 -85.2
50.203586 26.271076 -95.0
50.207021 26.271077 -80.4
50.207141 26.271078 -81.4
50.207161 26.271078 -79.0
50.204267 26.271089 -89.8
50.207842 26.271091 -72.9
50.207852 26.271091 -75.4
50.204958 26.271093 -90.2
50.207121 26.271096 -80.5
50.207121 26.271114 -81.5
50.207832 26.271118 -70.7
50.204948 26.271120 -90.2
50.205639 26.271124 -90.2
50.207141 26.271132 -80.7
50.206300 26.271136 -86.4
50.204938 26.271138 -91.4
50.203556 26.271139 -94.2
50.207101 26.271141 -82.0
50.204247 26.271143 -87.4
50.207822 26.271145 -71.8
50.207011 26.271149 -79.3
50.207111 26.271150 -80.3
50.204927 26.271165 -89.4
50.207121 26.271177 -80.4
50.207802 26.271181 -72.9
50.205598 26.271187 -90.4
50.206980 26.271194 -81.5
50.207080 26.271195 -78.9
50.207100 26.271195 -79.5
50.206279 26.271199 -85.8
50.204907 26.271201 -87.3
50.203525 26.271202 -94.6
50.204226 26.271206 -89.4
50.207791 26.271217 -72.2
50.207100 26.271222 -80.4
50.206970 26.271239 -80.6
50.207080 26.271240 -79.8
50.204897 26.271246 -90.2
50.207060 26.271249 -79.5
50.205578 26.271250 -93.0
50.206249 26.271262 -86.0
50.203505 26.271265 -94.3
50.207771 26.271271 -70.8
50.207060 26.271276 -81.3
50.207080 26.271276 -81.7
50.204196 26.271287 -89.3
50.204877 26.271291 -93.4
50.206929 26.271311 -81.2
50.207030 26.271312 -82.0
50.205547 26.271313 -89.9
50.207751 26.271316 -69.8
50.207040 26.271321 -79.4
50.207060 26.271321 -80.7
50.206218 26.271325 -86.5
50.206919 26.271329 -83.2
50.203474 26.271337 -91.1
50.204856 26.271354 -95.8
50.205527 26.271358 -89.7
50.204155 26.271359 -99.5
50.207019 26.271366 -80.6
50.206198 26.271370 -84.8
50.206999 26.271375 -81.8
50.207039 26.271375 -81.4
50.203444 26.271391 -95.2
50.206999 26.271402 -79.9
50.205517 26.271403 -91.9
50.204826 26.271408 -95.9
50.207700 26.271415 -70.2
50.206178 26.271425 -86.8
50.206969 26.271429 -81.5
50.207019 26.271429 -82.6
50.206879 26.271437 -82.3
50.205496 26.271439 -91.7
50.205486 26.271448 -92.5
50.204114 26.271449 -94.6
50.203413 26.271454 -93.0
50.206989 26.271456 -82.1
50.207680 26.271460 -67.7
50.206167 26.271461 -85.8
50.206998 26.271474 -83.8
50.204805 26.271480 -95.2
50.205476 26.271484 -91.3
50.206948 26.271492 -84.2
50.206157 26.271497 -84.7
50.203393 26.271499 -95.4
50.206958 26.271501 -81.3
50.207659 26.271514 -68.2
50.205456 26.271520 -90.1
50.204074 26.271521 -97.1
50.206137 26.271524 -83.3
50.206968 26.271528 -84.1
50.206838 26.271537 -84.0
50.204775 26.271543 -94.5
50.206928 26.271546 -84.2
50.206127 26.271551 -86.4
50.203373 26.271553 -99.0
50.206828 26.271555 -83.7
50.206918 26.271555 -84.3
50.207639 26.271568 -69.3
50.206127 26.271569 -85.5
50.206948 26.271573 -82.5
50.205435 26.271583 -91.3
50.206106 26.271587 -87.8
50.203352 26.271589 -93.2
50.204744 26.271597 -97.8
50.206907 26.271600 -81.1
50.204053 26.271602 -96.5
50.207618 26.271613 -67.5
50.203352 26.271617 -94.8
50.206937 26.271618 -82.7
50.206096 26.271623 -85.7
50.206887 26.271627 -84.4
50.206797 26.271636 -85.9
50.206887 26.271645 -83.4
50.206917 26.271654 -83.6
50.205405 26.271655 -90.9
50.206076 26.271659 -87.3
50.203332 26.271662 -98.7
50.204033 26.271665 -103.0
50.204714 26.271678 -96.6
50.206777 26.271681 -83.8
50.203322 26.271689 -98.3
50.206857 26.271690 -82.3
50.206907 26.271690 -85.1
50.206867 26.271699 -83.2
50.206055 26.271713 -87.7
50.203311 26.271716 -97.0
50.205374 26.271718 -87.8
50.206887 26.271726 -83.2
50.204002 26.271728 -100.2
50.206756 26.271744 -84.7
50.204673 26.271750 -97.3
50.203291 26.271752 -94.2
50.206836 26.271753 -83.5
50.206866 26.271753 -84.6
50.206846 26.271762 -83.8
50.206866 26.271771 -82.5
50.206025 26.271776 -86.2
50.207547 26.271784 -64.5
50.203281 26.271788 -99.6
50.203982 26.271792 -100.5
50.206726 26.271798 -83.7
50.206866 26.271799 -84.2
50.205344 26.271799 -90.9
50.206866 26.271808 -82.0
50.204653 26.271813 -94.4
50.206816 26.271816 -82.6
50.207537 26.271820 -66.5
50.206866 26.271826 -84.7
50.206005 26.271830 -86.0
50.203260 26.271833 -98.0
50.206876 26.271835 -86.7
50.206716 26.271843 -83.8
50.206866 26.271844 -85.7
50.206876 26.271844 -85.5
50.203971 26.271846 -95.1
50.206896 26.271853 -85.1
50.206906 26.271862 -85.8
50.206916 26.271862 -85.1
50.206785 26.271870 -83.5
50.206795 26.271870 -82.8
50.206936 26.271871 -89.1
50.204622 26.271876 -94.5
50.206946 26.271880 -86.2
50.203240 26.271887 -101.2
50.205303 26.271889 -92.2
50.206966 26.271889 -88.2
50.206976 26.271889 -87.9
50.206996 26.271890 -85.1
50.203951 26.271891 -95.5
50.207496 26.271892 -65.6
50.205974 26.271893 -86.9
50.207026 26.271908 -84.8
50.207066 26.271917 -82.2
50.204602 26.271921 -96.4
50.206665 26.271924 -84.6
50.206755 26.271924 -83.2
50.206775 26.271924 -82.8
50.207486 26.271928 -65.7
50.206675 26.271933 -86.4
50.207105 26.271935 -89.1
50.203931 26.271936 -96.5
50.203220 26.271941 -98.5
50.203911 26.271954 -97.7
50.207476 26.271955 -65.6
50.205944 26.271965 -87.4
50.204582 26.271966 -93.8
50.205273 26.271970 -91.6
50.203900 26.271972 -97.2
50.207205 26.271972 -85.1
50.207456 26.271973 -67.6
50.207265 26.271981 -83.2
50.206725 26.271987 -84.1
50.206745 26.271987 -83.0
50.203199 26.271995 -98.4
50.203890 26.271999 -96.1
50.207445 26.272009 -65.0
50.204561 26.272011 -94.8
50.206634 26.272014 -88.0
50.203890 26.272017 -94.2
50.205242 26.272033 -91.7
50.203880 26.272035 -102.3
50.207415 26.272036 -60.7
50.207435 26.272036 -64.2
50.205903 26.272037 -87.8
50.204551 26.272039 -93.1
50.203169 26.272049 -98.0
50.206614 26.272050 -92.0
50.206694 26.272050 -85.5
50.206714 26.272050 -85.1
50.207425 26.272054 -65.8
50.207455 26.272055 -67.0
50.203870 26.272062 -102.4
50.204541 26.272066 -91.1
50.207415 26.272081 -66.4
50.207545 26.272082 -83.2
50.204531 26.272093 -94.2
50.207605 26.272101 -85.5
50.203148 26.272103 -97.2
50.206594 26.272104 -87.5
50.205212 26.272105 -93.9
50.203849 26.272107 -98.8
50.205882 26.272109 -89.5
50.206684 26.272114 -86.6
50.207405 26.272118 -66.4
50.204520 26.272120 -97.5
50.206674 26.272122 -84.7
50.203829 26.272143 -93.0
50.207384 26.272154 -65.1
50.204500 26.272156 -94.3
50.205191 26.272159 -94.2
50.203128 26.272166 -96.5
50.206563 26.272167 -86.2
50.203819 26.272179 -105.9
50.205852 26.272181 -89.2
50.206563 26.272185 -82.1
50.206653 26.272186 -84.2
50.207364 26.272190 -65.0
50.204480 26.272201 -98.4
50.205161 26.272213 -92.8
50.203098 26.272220 -97.5
50.203799 26.272224 -104.7
50.207344 26.272226 -66.1
50.204459 26.272246 -97.1
50.206633 26.272249 -87.4
50.205150 26.272250 -95.3
50.205821 26.272253 -87.3
50.206613 26.272258 -88.2
50.203788 26.272260 -107.3
50.203077 26.272265 -102.2
50.206522 26.272266 -93.5
50.206522 26.272275 -85.9
50.205140 26.272277 -91.9
50.205120 26.272294 -92.2
50.204439 26.272300 -95.1
50.203768 26.272305 -102.9
50.207313 26.272307 -64.8
50.205801 26.272316 -89.9
50.203047 26.272319 -98.7
50.206592 26.272321 -83.5
50.205110 26.272322 -92.5
50.206582 26.272330 -86.6
50.203758 26.272341 -105.2
50.205100 26.272349 -95.5
50.207293 26.272352 -64.5
50.206492 26.272356 -90.5
50.204409 26.272363 -95.5
50.203027 26.272364 -103.0
50.205771 26.272370 -90.6
50.205099 26.272385 -106.1
50.203737 26.272386 -107.4
50.207263 26.272397 -62.9
50.206551 26.272402 -86.9
50.206561 26.272402 -85.7
50.203006 26.272409 -103.5
50.205760 26.272415 -89.6
50.204378 26.272426 -96.1
50.206451 26.272446 -88.3
50.207242 26.272451 -65.9
50.205750 26.272451 -91.7
50.202996 26.272454 -98.4
50.203707 26.272458 -105.8
50.205740 26.272469 -90.5
50.206511 26.272474 -86.1
50.206531 26.272474 -85.2
50.204348 26.272489 -101.4
50.202976 26.272490 -95.1
50.203697 26.272494 -105.5
50.207222 26.272496 -65.1
50.205720 26.272505 -89.8
50.202955 26.272526 -94.1
50.206410 26.272527 -90.0
50.203676 26.272530 -104.6
50.207191 26.272541 -65.4
50.206480 26.272546 -86.1
50.206500 26.272546 -85.3
50.205709 26.272551 -87.5
50.204327 26.272561 -96.5
50.203666 26.272575 -101.8
50.205699 26.272587 -88.7
50.202935 26.272589 -100.4
50.207171 26.272595 -64.6
50.206380 26.272608 -97.9
50.206450 26.272609 -83.5
50.206460 26.272609 -85.0
50.203646 26.272611 -98.0
50.202925 26.272616 -99.0
50.204287 26.272633 -94.0
50.205679 26.272641 -90.8
50.203625 26.272647 -101.3
50.207141 26.272649 -65.6
50.202914 26.272652 -97.7
50.206419 26.272681 -87.5
50.205648 26.272686 -93.7
50.202894 26.272688 -97.5
50.206429 26.272690 -85.2
50.207120 26.272703 -66.3
50.205628 26.272740 -90.8
50.206389 26.272753 -85.3
50.207100 26.272757 -65.2
50.206389 26.272762 -86.8
50.202863 26.272770 -101.2
50.205607 26.272803 -90.5
50.206368 26.272825 -87.7
50.206368 26.272843 -87.9
50.205577 26.272866 -92.7
50.202833 26.272869 -100.4
50.204185 26.272885 -104.3
50.206328 26.272897 -87.7
50.202812 26.272914 -104.2
50.206338 26.272915 -88.2
50.205546 26.272929 -90.6
50.204164 26.272930 -100.0
50.202802 26.272959 -99.7
50.206297 26.272978 -87.6
50.206297 26.272996 -88.0
50.205516 26.273001 -93.5
50.204124 26.273020 -104.2
50.206267 26.273050 -91.1
50.204123 26.273056 -102.9
50.205485 26.273064 -94.6
50.202741 26.273067 -101.8
50.204113 26.273074 -94.0
50.206266 26.273077 -89.2
50.204103 26.273101 -103.5
50.204093 26.273119 -98.0
50.202721 26.273121 -102.2
50.206236 26.273122 -88.1
50.205455 26.273127 -92.1
50.206236 26.273158 -85.8
50.204062 26.273182 -102.0
50.202690 26.273184 -104.2
50.205424 26.273190 -94.0
50.206196 26.273194 -85.2
50.206195 26.273239 -85.5
50.202670 26.273247 -99.7
50.206866 26.273252 -66.5
50.205404 26.273262 -98.4
50.204032 26.273264 -100.2
50.206175 26.273266 -88.5
50.206846 26.273306 -66.7
50.205374 26.273316 -93.8
50.206165 26.273321 -86.9
50.206145 26.273338 -84.5
50.206825 26.273351 -66.7
50.205363 26.273361 -95.7
50.202639 26.273364 -101.1
50.206124 26.273393 -86.0
50.206815 26.273396 -68.0
50.205353 26.273397 -93.8
50.206114 26.273402 -88.8
50.205343 26.273424 -98.3
50.203951 26.273435 -102.9
50.206785 26.273441 -66.6
50.205333 26.273451 -94.3
50.205322 26.273469 -94.0
50.206084 26.273474 -91.0
50.206094 26.273474 -87.1
50.203930 26.273480 -104.1
50.206764 26.273486 -67.4
50.205312 26.273496 -94.7
50.205292 26.273514 -92.0
50.206063 26.273519 -89.6
50.206744 26.273531 -67.3
50.205292 26.273541 -90.8
50.206063 26.273546 -90.6
50.205272 26.273568 -93.8
50.206043 26.273573 -87.4
50.206734 26.273576 -68.3
50.205261 26.273595 -92.1
50.206714 26.273603 -69.4
50.206022 26.273618 -89.8
50.206703 26.273640 -69.8
50.205241 26.273640 -96.2
50.206012 26.273654 -91.1
50.206683 26.273676 -70.2
50.205221 26.273686 -98.4
50.205992 26.273690 -95.6
50.203849 26.273696 -96.8
50.205992 26.273699 -92.4
50.205972 26.273735 -93.4
50.206663 26.273739 -70.0
50.205190 26.273740 -96.1
50.205961 26.273762 -92.7
50.206652 26.273775 -70.7
50.205951 26.273780 -92.0
50.205170 26.273794 -101.0
50.206642 26.273802 -71.3
50.205931 26.273825 -94.2
50.205931 26.273834 -91.7
50.206642 26.273838 -71.5
50.205150 26.273857 -91.7
50.206632 26.273865 -73.1
50.205910 26.273879 -93.0
50.206631 26.273892 -75.4
50.205900 26.273906 -93.1
50.206621 26.273919 -77.2
50.205119 26.273920 -92.6
50.205890 26.273933 -92.8
50.206591 26.273973 -74.7
50.205860 26.273987 -92.1
50.205870 26.273987 -92.7
50.206581 26.273991 -75.9
50.205109 26.273992 -94.4
50.206561 26.274009 -79.6
50.206550 26.274027 -79.5
50.205829 26.274041 -97.6
50.205849 26.274050 -93.0
50.205068 26.274055 -99.0
50.206510 26.274072 -76.7
50.205809 26.274095 -92.5
50.205819 26.274113 -92.2
50.205038 26.274118 -98.2
50.205788 26.274149 -89.2
50.205798 26.274167 -92.3
50.205007 26.274172 -94.1
50.205768 26.274212 -88.6
50.205778 26.274221 -86.1
50.205748 26.274266 -87.6
50.205758 26.274266 -90.6
50.205737 26.274311 -91.6
50.205727 26.274320 -88.0
50.205727 26.274356 -93.4
50.205707 26.274374 -89.2
50.205686 26.274428 -88.6
50.205676 26.274437 -90.3
50.205676 26.274455 -91.5
50.205676 26.274465 -91.0
50.205676 26.274474 -91.2
50.205666 26.274510 -93.8
50.205656 26.274546 -93.4
50.205635 26.274582 -92.0
50.205645 26.274663 -96.6
50.206114 26.274855 -83.6
50.206184 26.274883 -81.3
50.206654 26.275048 -93.8
