50.211174 26.265683 -90.2
50.210559 26.266284 -90.1
50.210365 26.266798 -89.8
50.212377 26.266926 -99.2
50.211767 26.268340 -91.8
50.212842 26.269321 -93.0
50.209987 26.269333 -82.4
50.212881 26.269385 -88.5
50.212820 26.269475 -93.8
50.212871 26.269475 -90.4
50.212810 26.269556 -92.3
50.212810 26.269565 -93.8
50.209165 26.269572 -75.5
50.211228 26.269574 -89.9
50.209865 26.269603 -82.2
50.212810 26.269619 -92.6
50.212839 26.269628 -90.2
50.211207 26.269646 -89.4
50.212809 26.269709 -90.7
50.209794 26.269747 -80.6
50.209083 26.269788 -69.7
50.212798 26.269791 -87.9
50.212758 26.269808 -89.8
50.209774 26.269810 -78.5
50.209053 26.269842 -71.9
50.212748 26.269845 -93.2
50.212748 26.269863 -90.3
50.209743 26.269882 -77.3
50.212737 26.269917 -91.7
50.212757 26.269935 -89.3
50.210374 26.269958 -79.5
50.209012 26.269968 -67.9
50.212727 26.269980 -88.6
50.210353 26.270012 -82.6
50.208991 26.270013 -71.0
50.211034 26.270016 -82.6
50.209672 26.270026 -74.0
50.210343 26.270030 -82.2
50.208981 26.270031 -68.3
50.212707 26.270034 -85.5
50.210333 26.270048 -80.6
50.212716 26.270052 -88.1
50.208971 26.270059 -66.2
50.211014 26.270061 -84.9
50.210323 26.270066 -80.2
50.208961 26.270086 -68.1
50.212726 26.270088 -90.7
50.210313 26.270093 -81.6
50.212696 26.270097 -88.1
50.209652 26.270098 -73.2
50.210303 26.270111 -78.1
50.210994 26.270115 -86.9
50.212706 26.270115 -86.2
50.208950 26.270122 -63.2
50.210292 26.270138 -78.6
50.208940 26.270140 -65.9
50.212686 26.270151 -85.7
50.210282 26.270156 -79.2
50.208930 26.270158 -65.2
50.212706 26.270160 -89.6
50.209621 26.270161 -68.8
50.208930 26.270167 -64.9
50.212686 26.270178 -86.8
50.210272 26.270183 -78.3
50.208920 26.270185 -63.8
50.210963 26.270187 -85.6
50.210272 26.270201 -75.8
50.208910 26.270203 -60.8
50.212675 26.270205 -87.3
50.208900 26.270212 -61.2
50.210262 26.270219 -78.9
50.213777 26.270220 -93.3
50.208900 26.270221 -59.2
50.212695 26.270223 -89.0
50.209601 26.270224 -70.1
50.208890 26.270230 -64.4
50.208840 26.270238 -64.9
50.208850 26.270238 -64.1
50.208860 26.270238 -60.9
50.208870 26.270239 -61.5
50.213807 26.270239 -92.7
50.208880 26.270239 -65.3
50.210252 26.270246 -77.9
50.208829 26.270247 -64.7
50.213827 26.270248 -95.5
50.213847 26.270248 -92.6
50.210943 26.270250 -81.8
50.212665 26.270250 -87.8
50.213877 26.270257 -92.0
50.212665 26.270259 -84.0
50.210241 26.270264 -75.4
50.208869 26.270266 -63.0
50.208909 26.270266 -62.2
50.208899 26.270275 -62.5
50.213907 26.270275 -92.4
50.209570 26.270278 -70.1
50.208929 26.270284 -61.4
50.208959 26.270284 -59.5
50.213937 26.270284 -91.4
50.213957 26.270285 -91.8
50.210231 26.270291 -75.3
50.208979 26.270293 -58.6
50.212685 26.270296 -87.8
50.208999 26.270302 -59.8
50.213997 26.270303 -90.6
50.212645 26.270313 -87.3
50.210221 26.270318 -72.8
50.209029 26.270321 -62.9
50.214027 26.270321 -97.4
50.210922 26.270322 -82.7
50.212655 26.270323 -86.7
50.209550 26.270324 -65.2
50.209059 26.270330 -64.2
50.214067 26.270339 -99.8
50.210211 26.270345 -70.1
50.208769 26.270346 -63.9
50.214107 26.270349 -99.6
50.209139 26.270357 -60.8
50.209530 26.270360 -68.9
50.208759 26.270364 -62.4
50.214156 26.270367 -94.6
50.212634 26.270368 -86.2
50.212664 26.270368 -85.2
50.210201 26.270372 -64.8
50.208769 26.270373 -65.0
50.208839 26.270374 -62.0
50.210892 26.270376 -84.2
50.212644 26.270377 -83.5
50.208889 26.270383 -62.9
50.209199 26.270385 -66.4
50.214186 26.270385 -97.1
50.209509 26.270387 -62.5
50.209239 26.270394 -67.0
50.210190 26.270399 -65.6
50.208939 26.270401 -63.0
50.209249 26.270403 -64.9
50.214226 26.270403 -99.3
50.208778 26.270410 -65.5
50.209309 26.270412 -70.3
50.209479 26.270413 -64.3
50.208978 26.270420 -64.5
50.214266 26.270422 -96.8
50.209449 26.270422 -66.5
50.210170 26.270426 -61.0
50.209029 26.270429 -62.6
50.212624 26.270431 -83.7
50.212644 26.270431 -84.3
50.209359 26.270431 -63.9
50.214306 26.270431 -99.4
50.209399 26.270431 -59.2
50.208788 26.270437 -68.3
50.210871 26.270439 -82.8
50.212634 26.270440 -86.3
50.209349 26.270440 -66.1
50.214346 26.270440 -99.1
50.209088 26.270447 -61.4
50.214396 26.270449 -97.2
50.210170 26.270453 -60.2
50.209128 26.270466 -62.6
50.209459 26.270467 -60.6
50.214436 26.270468 -98.2
50.210160 26.270471 -61.1
50.208778 26.270473 -64.8
50.214476 26.270477 -95.7
50.209178 26.270484 -65.1
50.210851 26.270484 -85.9
50.212613 26.270485 -87.2
50.214506 26.270486 -93.1
50.209549 26.270495 -58.8
50.214536 26.270495 -98.8
50.210150 26.270498 -62.5
50.209228 26.270502 -64.4
50.212633 26.270503 -85.3
50.214606 26.270505 -97.7
50.208768 26.270509 -66.0
50.209278 26.270512 -64.7
50.214686 26.270514 -97.2
50.210140 26.270516 -62.0
50.214796 26.270524 -95.3
50.209328 26.270530 -65.0
50.209639 26.270532 -57.2
50.210129 26.270534 -60.1
50.210820 26.270538 -83.9
50.212593 26.270539 -83.0
50.209358 26.270548 -60.9
50.214826 26.270551 -91.3
50.210119 26.270552 -61.4
50.212603 26.270557 -85.1
50.209388 26.270557 -58.0
50.209729 26.270559 -59.0
50.210119 26.270561 -59.9
50.208747 26.270563 -68.8
50.212613 26.270566 -83.8
50.214826 26.270569 -92.1
50.209408 26.270576 -59.5
50.210119 26.270579 -58.2
50.209809 26.270587 -60.2
50.210119 26.270589 -63.5
50.210800 26.270592 -81.9
50.214846 26.270596 -89.2
50.210109 26.270597 -61.9
50.212583 26.270602 -82.1
50.209418 26.270603 -61.4
50.209889 26.270614 -59.1
50.210109 26.270616 -62.5
50.208727 26.270617 -66.5
50.212592 26.270620 -80.5
50.209418 26.270621 -63.2
50.214846 26.270623 -78.4
50.212602 26.270629 -78.6
50.210109 26.270634 -57.7
50.210770 26.270637 -81.5
50.214846 26.270642 -82.2
50.209408 26.270648 -67.0
50.209968 26.270651 -57.3
50.210119 26.270652 -57.8
50.212572 26.270656 -84.9
50.214856 26.270660 -81.5
50.208706 26.270662 -65.0
50.214855 26.270669 -84.8
50.210128 26.270670 -57.7
50.209407 26.270675 -69.0
50.210048 26.270678 -57.7
50.210749 26.270682 -78.0
50.214855 26.270687 -80.5
50.210158 26.270688 -59.9
50.212572 26.270692 -86.0
50.212592 26.270701 -80.7
50.210118 26.270706 -57.2
50.210188 26.270706 -57.7
50.212562 26.270710 -84.5
50.209387 26.270711 -69.0
50.214865 26.270714 -80.7
50.208676 26.270716 -65.8
50.214875 26.270723 -78.0
50.210198 26.270724 -52.6
50.210739 26.270727 -78.3
50.210228 26.270734 -53.5
50.214875 26.270750 -77.7
50.210268 26.270752 -53.9
50.210278 26.270752 -54.6
50.209377 26.270756 -67.4
50.210719 26.270763 -68.3
50.212541 26.270764 -83.5
50.212571 26.270764 -81.2
50.214875 26.270768 -82.5
50.210338 26.270770 -50.9
50.210338 26.270779 -52.4
50.208646 26.270788 -67.9
50.214885 26.270795 -84.2
50.210398 26.270798 -50.5
50.210408 26.270798 -50.6
50.210708 26.270799 -61.4
50.209346 26.270801 -67.6
50.212531 26.270809 -81.5
50.214895 26.270813 -80.5
50.210468 26.270816 -52.3
50.210688 26.270817 -63.1
50.210478 26.270825 -51.8
50.214904 26.270831 -81.7
50.210077 26.270832 -62.8
50.210107 26.270832 -62.3
50.210147 26.270832 -59.2
50.210187 26.270833 -63.4
50.210658 26.270835 -59.5
50.212531 26.270837 -82.3
50.212561 26.270837 -80.1
50.210047 26.270841 -65.5
50.210528 26.270844 -51.3
50.210548 26.270844 -54.6
50.210578 26.270844 -51.2
50.210618 26.270844 -53.4
50.210027 26.270850 -63.0
50.210227 26.270851 -57.9
50.208625 26.270851 -67.2
50.209326 26.270855 -76.0
50.210277 26.270860 -62.9
50.212521 26.270864 -79.5
50.214904 26.270868 -78.8
50.210007 26.270868 -62.4
50.210608 26.270871 -54.8
50.210317 26.270879 -62.5
50.209997 26.270886 -67.4
50.210668 26.270889 -55.4
50.210377 26.270897 -60.6
50.212551 26.270900 -78.2
50.209977 26.270904 -64.2
50.210427 26.270906 -60.5
50.210728 26.270908 -54.7
50.208605 26.270914 -68.3
50.210788 26.270917 -52.2
50.212510 26.270918 -82.1
50.209296 26.270918 -73.6
50.214924 26.270922 -80.5
50.210477 26.270925 -62.4
50.209956 26.270931 -61.2
50.210527 26.270943 -61.6
50.210828 26.270945 -57.0
50.214924 26.270949 -88.2
50.210587 26.270961 -61.7
50.212490 26.270963 -79.9
50.210888 26.270963 -61.2
50.209936 26.270967 -64.1
50.212540 26.270972 -78.9
50.208574 26.270977 -68.4
50.210637 26.270980 -61.5
50.209275 26.270981 -73.9
50.210948 26.270981 -55.1
50.212490 26.270990 -79.4
50.210998 26.271000 -53.3
50.209926 26.271003 -67.8
50.210677 26.271007 -61.9
50.210667 26.271016 -57.5
50.210677 26.271016 -60.1
50.210707 26.271016 -63.6
50.212490 26.271017 -82.5
50.210637 26.271025 -58.0
50.210727 26.271025 -61.5
50.210737 26.271025 -61.5
50.211057 26.271027 -56.8
50.210627 26.271034 -66.4
50.212520 26.271035 -78.0
50.210617 26.271043 -60.4
50.210757 26.271043 -60.2
50.210777 26.271044 -61.1
50.209255 26.271044 -74.6
50.211127 26.271045 -56.0
50.209906 26.271048 -68.0
50.208544 26.271049 -69.3
50.210797 26.271053 -63.1
50.210837 26.271053 -62.9
50.210607 26.271061 -66.3
50.212469 26.271062 -82.6
50.210837 26.271071 -64.5
50.210887 26.271071 -66.3
50.211187 26.271073 -56.7
50.210877 26.271080 -62.7
50.211317 26.271083 -54.9
50.210596 26.271088 -70.6
50.212459 26.271089 -79.9
50.212469 26.271089 -82.0
50.210947 26.271090 -66.0
50.211267 26.271091 -55.3
50.212459 26.271098 -80.8
50.212509 26.271098 -79.2
50.210937 26.271099 -64.1
50.211327 26.271101 -54.6
50.209885 26.271102 -62.5
50.208513 26.271103 -71.2
50.210586 26.271106 -72.5
50.212459 26.271107 -79.5
50.209224 26.271107 -74.3
50.211007 26.271108 -64.3
50.211337 26.271110 -63.8
50.212449 26.271116 -84.4
50.212459 26.271116 -82.4
50.210987 26.271117 -62.8
50.207912 26.271118 -74.7
50.211337 26.271119 -57.4
50.211357 26.271119 -60.8
50.212439 26.271125 -79.4
50.211067 26.271126 -65.5
50.211387 26.271128 -58.4
50.214952 26.271130 -98.5
50.210576 26.271133 -72.2
50.212439 26.271134 -79.1
50.212449 26.271134 -79.2
50.211037 26.271135 -63.2
50.207982 26.271137 -75.0
50.211417 26.271137 -59.2
50.212439 26.271143 -81.3
50.211117 26.271145 -61.4
50.211407 26.271146 -57.4
50.211447 26.271147 -62.7
50.209875 26.271147 -64.0
50.211097 26.271154 -62.1
50.212429 26.271161 -78.6
50.212439 26.271161 -78.9
50.212489 26.271161 -80.0
50.211157 26.271163 -57.3
50.208042 26.271164 -75.1
50.211487 26.271165 -59.2
50.214962 26.271166 -101.1
50.208493 26.271166 -70.0
50.212429 26.271170 -78.3
50.211157 26.271172 -60.4
50.211187 26.271172 -51.8
50.211477 26.271174 -56.3
50.210566 26.271178 -76.4
50.212428 26.271179 -80.3
50.209194 26.271179 -74.6
50.208112 26.271182 -77.9
50.211527 26.271183 -56.1
50.212428 26.271188 -79.3
50.211207 26.271190 -62.0
50.209855 26.271192 -64.9
50.211567 26.271192 -54.9
50.212428 26.271197 -79.6
50.211257 26.271200 -62.9
50.211557 26.271201 -56.4
50.212428 26.271206 -75.0
50.211216 26.271209 -55.2
50.208182 26.271210 -75.8
50.211607 26.271211 -57.9
50.210545 26.271214 -77.0
50.212468 26.271215 -85.3
50.211297 26.271218 -61.1
50.208472 26.271220 -73.8
50.212418 26.271224 -79.9
50.211216 26.271227 -61.9
50.211337 26.271227 -61.5
50.208252 26.271228 -70.4
50.211627 26.271229 -58.0
50.211657 26.271229 -57.2
50.212418 26.271233 -77.3
50.209834 26.271237 -68.1
50.211697 26.271238 -54.2
50.212418 26.271242 -78.2
50.209163 26.271242 -76.9
50.211386 26.271246 -63.4
50.211687 26.271247 -55.7
50.212408 26.271251 -73.5
50.211216 26.271254 -67.3
50.211416 26.271255 -63.4
50.208312 26.271256 -69.4
50.211737 26.271257 -55.1
50.210535 26.271259 -76.9
50.212408 26.271260 -77.7
50.211757 26.271266 -55.1
50.212398 26.271269 -77.9
50.211206 26.271272 -73.1
50.211446 26.271273 -64.2
50.208442 26.271274 -73.6
50.211787 26.271275 -55.8
50.212398 26.271278 -79.2
50.209824 26.271282 -69.8
50.211496 26.271282 -64.6
50.208382 26.271283 -67.6
50.212398 26.271287 -74.8
50.212448 26.271288 -76.5
50.211817 26.271293 -54.8
50.211837 26.271293 -55.3
50.212388 26.271296 -75.2
50.211546 26.271301 -63.6
50.208442 26.271302 -70.1
50.209143 26.271305 -77.5
50.211196 26.271308 -77.8
50.211887 26.271312 -58.1
50.210505 26.271313 -73.6
50.212377 26.271314 -69.5
50.214991 26.271319 -99.5
50.208502 26.271320 -72.9
50.211867 26.271320 -57.4
50.212377 26.271323 -69.5
50.211596 26.271328 -63.4
50.208422 26.271329 -72.4
50.211927 26.271330 -57.8
50.212377 26.271332 -71.1
50.209804 26.271336 -70.3
50.208572 26.271338 -71.4
50.211927 26.271339 -56.7
50.211967 26.271339 -57.8
50.212367 26.271341 -65.4
50.211175 26.271344 -79.5
50.211646 26.271346 -64.1
50.212367 26.271350 -70.1
50.212377 26.271350 -68.2
50.212417 26.271351 -69.2
50.211706 26.271356 -64.7
50.211977 26.271357 -58.9
50.212017 26.271357 -60.8
50.212347 26.271359 -61.5
50.212367 26.271359 -65.6
50.209112 26.271359 -76.5
50.208632 26.271366 -70.1
50.212057 26.271367 -60.8
50.210494 26.271367 -72.3
50.207720 26.271370 -70.2
50.208391 26.271374 -71.5
50.211756 26.271374 -64.3
50.212027 26.271375 -60.5
50.212327 26.271377 -60.5
50.212357 26.271377 -63.4
50.212367 26.271377 -65.2
50.209783 26.271381 -69.5
50.212077 26.271385 -61.3
50.212107 26.271385 -61.9
50.212147 26.271385 -65.2
50.212317 26.271386 -60.8
50.212337 26.271386 -60.6
50.212357 26.271386 -61.3
50.211165 26.271389 -81.1
50.208691 26.271393 -69.0
50.212197 26.271394 -67.0
50.212237 26.271395 -66.4
50.212267 26.271395 -57.1
50.212297 26.271395 -61.1
50.212357 26.271395 -59.5
50.211816 26.271401 -64.0
50.212126 26.271403 -64.4
50.212177 26.271403 -64.5
50.212297 26.271404 -61.5
50.212357 26.271404 -57.6
50.211866 26.271411 -59.6
50.208761 26.271412 -67.9
50.212227 26.271413 -61.7
50.212257 26.271413 -59.5
50.212347 26.271413 -53.8
50.212397 26.271414 -55.8
50.210464 26.271421 -72.3
50.209082 26.271422 -71.0
50.209763 26.271426 -72.5
50.215011 26.271428 -99.9
50.211926 26.271429 -63.6
50.208831 26.271430 -67.8
50.212337 26.271431 -54.1
50.211145 26.271434 -83.2
50.208361 26.271437 -71.2
50.212337 26.271440 -56.1
50.211976 26.271447 -61.3
50.208891 26.271449 -70.7
50.212326 26.271458 -57.4
50.208951 26.271467 -70.2
50.212316 26.271467 -57.0
50.212336 26.271467 -58.7
50.212527 26.271469 -60.0
50.212016 26.271475 -62.3
50.210444 26.271475 -77.8
50.209061 26.271477 -68.1
50.212376 26.271477 -57.0
50.209742 26.271480 -68.6
50.209001 26.271485 -71.8
50.212306 26.271485 -57.2
50.211114 26.271488 -80.9
50.214439 26.271488 -99.5
50.215010 26.271491 -95.5
50.212066 26.271493 -63.6
50.212306 26.271494 -59.7
50.209041 26.271494 -73.5
50.212516 26.271496 -55.9
50.208330 26.271500 -76.6
50.212106 26.271511 -65.8
50.209081 26.271513 -73.9
50.214509 26.271515 -96.6
50.215010 26.271518 -98.7
50.212126 26.271520 -65.7
50.212296 26.271521 -52.4
50.212306 26.271521 -50.6
50.209131 26.271522 -74.8
50.214539 26.271525 -97.1
50.209722 26.271525 -69.5
50.210413 26.271529 -78.1
50.212296 26.271530 -56.0
50.212496 26.271532 -65.2
50.215010 26.271536 -101.2
50.212166 26.271539 -69.2
50.209041 26.271540 -69.3
50.209181 26.271540 -72.1
50.211104 26.271542 -81.6
50.214579 26.271543 -96.0
50.212186 26.271548 -68.3
50.212286 26.271548 -58.2
50.212346 26.271549 -57.9
50.215000 26.271554 -98.2
50.212276 26.271557 -60.0
50.209241 26.271559 -76.1
50.212206 26.271566 -70.1
50.212486 26.271568 -63.0
50.209702 26.271570 -69.8
50.208300 26.271572 -78.0
50.212215 26.271575 -65.9
50.212266 26.271575 -61.6
50.214689 26.271580 -95.8
50.212265 26.271584 -65.0
50.209021 26.271585 -72.7
50.209291 26.271586 -72.1
50.210383 26.271592 -79.2
50.212235 26.271593 -68.7
50.211074 26.271596 -85.0
50.212245 26.271602 -64.1
50.212265 26.271603 -63.2
50.212476 26.271604 -62.1
50.209341 26.271604 -74.0
50.209682 26.271606 -68.3
50.214789 26.271607 -96.4
50.214929 26.271608 -97.3
50.212255 26.271611 -63.9
50.214879 26.271617 -96.0
50.212255 26.271621 -72.9
50.212305 26.271621 -62.4
50.209411 26.271623 -75.8
50.212255 26.271630 -67.3
50.208269 26.271635 -75.6
50.212255 26.271639 -71.0
50.209000 26.271639 -72.8
50.212465 26.271640 -64.1
50.209671 26.271642 -67.4
50.210362 26.271646 -80.6
50.212455 26.271649 -67.0
50.211043 26.271650 -80.3
50.209471 26.271650 -73.6
50.207598 26.271658 -67.2
50.212455 26.271667 -71.4
50.209521 26.271669 -69.9
50.213667 26.271673 -93.4
50.213677 26.271673 -94.6
50.209661 26.271678 -70.2
50.213607 26.271682 -95.9
50.213697 26.271683 -96.3
50.212285 26.271684 -73.0
50.209571 26.271687 -75.1
50.213607 26.271691 -95.9
50.213717 26.271692 -93.4
50.212435 26.271694 -65.8
50.212445 26.271694 -64.9
50.210342 26.271700 -78.7
50.213737 26.271701 -92.0
50.208980 26.271702 -75.1
50.207588 26.271703 -65.3
50.209621 26.271705 -71.4
50.208249 26.271707 -79.0
50.213757 26.271710 -91.6
50.212435 26.271712 -66.1
50.211023 26.271713 -83.0
50.209641 26.271714 -70.5
50.213536 26.271718 -92.1
50.213546 26.271718 -94.4
50.213556 26.271718 -97.8
50.213566 26.271718 -91.6
50.213777 26.271719 -97.2
50.212435 26.271721 -70.9
50.209661 26.271724 -74.3
50.209701 26.271733 -68.8
50.213797 26.271737 -92.3
50.212425 26.271739 -72.4
50.212435 26.271739 -68.2
50.209741 26.271742 -65.7
50.213827 26.271747 -92.5
50.212435 26.271748 -75.5
50.207567 26.271748 -66.1
50.209630 26.271751 -75.7
50.210321 26.271754 -78.3
50.213847 26.271756 -91.6
50.208959 26.271756 -79.5
50.212254 26.271756 -78.8
50.212445 26.271757 -78.9
50.209781 26.271760 -66.6
50.213877 26.271765 -93.2
50.212455 26.271766 -76.0
50.209811 26.271770 -67.1
50.213897 26.271774 -89.5
50.212394 26.271775 -76.2
50.212464 26.271775 -77.8
50.212474 26.271775 -80.5
50.210992 26.271776 -79.3
50.208218 26.271779 -77.3
50.213917 26.271783 -95.3
50.213937 26.271783 -94.7
50.212484 26.271784 -75.4
50.209620 26.271787 -74.7
50.209861 26.271788 -74.7
50.212504 26.271793 -78.5
50.209911 26.271797 -75.3
50.212514 26.271803 -82.3
50.210301 26.271808 -78.4
50.208939 26.271810 -76.5
50.212544 26.271812 -83.5
50.209960 26.271816 -74.1
50.212374 26.271820 -81.8
50.212574 26.271821 -80.3
50.209590 26.271823 -74.6
50.212224 26.271828 -80.0
50.214036 26.271829 -93.5
50.212604 26.271830 -83.1
50.210020 26.271834 -73.9
50.206866 26.271835 -86.3
50.214056 26.271838 -92.2
50.214076 26.271838 -91.0
50.210972 26.271839 -79.9
50.212644 26.271839 -80.9
50.208188 26.271842 -77.2
50.210291 26.271844 -73.4
50.214086 26.271847 -90.0
50.207517 26.271856 -66.6
50.212684 26.271858 -77.8
50.209570 26.271859 -76.4
50.210080 26.271861 -76.3
50.210281 26.271862 -76.9
50.208909 26.271864 -78.1
50.212354 26.271865 -80.0
50.214116 26.271865 -90.9
50.214156 26.271866 -92.9
50.212724 26.271867 -71.2
50.214196 26.271875 -92.5
50.210130 26.271880 -75.1
50.210271 26.271880 -72.7
50.212764 26.271885 -70.2
50.210170 26.271889 -73.0
50.212333 26.271892 -77.9
50.214236 26.271893 -91.2
50.209559 26.271895 -76.2
50.212193 26.271900 -83.2
50.210941 26.271902 -82.1
50.212814 26.271903 -71.8
50.208157 26.271905 -80.1
50.210210 26.271907 -77.0
50.210260 26.271908 -70.3
50.214286 26.271912 -89.3
50.208888 26.271918 -80.6
50.212854 26.271922 -74.3
50.210250 26.271926 -74.3
50.212313 26.271928 -81.8
50.214346 26.271930 -87.3
50.214386 26.271939 -87.5
50.209539 26.271940 -78.1
50.212894 26.271940 -76.3
50.210290 26.271944 -80.7
50.212934 26.271949 -79.7
50.210240 26.271953 -72.2
50.207155 26.271954 -84.3
50.210911 26.271956 -85.1
50.214426 26.271957 -91.2
50.210340 26.271962 -77.7
50.208858 26.271963 -79.6
50.212303 26.271964 -77.4
50.214456 26.271967 -92.6
50.212974 26.271968 -78.3
50.208137 26.271968 -76.0
50.210380 26.271971 -81.5
50.212163 26.271972 -77.8
50.209509 26.271976 -78.8
50.213014 26.271977 -86.9
50.210220 26.271980 -77.5
50.214486 26.271985 -88.7
50.213044 26.271986 -83.2
50.210430 26.271990 -77.2
50.214516 26.271994 -89.2
50.214536 26.271994 -93.0
50.213074 26.271995 -87.5
50.207315 26.272000 -67.9
50.212283 26.272000 -78.9
50.214556 26.272003 -89.0
50.213094 26.272004 -84.0
50.214576 26.272012 -93.3
50.213114 26.272013 -84.9
50.208827 26.272017 -83.8
50.210490 26.272017 -81.0
50.207365 26.272018 -68.6
50.210891 26.272019 -82.6
50.214596 26.272022 -90.5
50.214606 26.272022 -90.2
50.210530 26.272026 -80.6
50.212272 26.272027 -77.2
50.209498 26.272030 -78.5
50.214626 26.272031 -91.1
50.208116 26.272031 -80.3
50.213154 26.272032 -85.6
50.213174 26.272032 -88.3
50.210209 26.272034 -79.3
50.212142 26.272035 -78.0
50.214636 26.272040 -90.9
50.210570 26.272045 -80.1
50.214646 26.272049 -88.5
50.212262 26.272054 -79.4
50.210620 26.272054 -80.8
50.214646 26.272058 -92.0
50.207495 26.272064 -79.0
50.214646 26.272067 -92.3
50.213244 26.272068 -79.7
50.212252 26.272072 -75.2
50.210650 26.272072 -79.0
50.210860 26.272073 -77.5
50.209478 26.272075 -78.1
50.213284 26.272078 -83.6
50.210189 26.272079 -79.0
50.208807 26.272080 -83.6
50.210690 26.272081 -82.9
50.214656 26.272085 -93.8
50.210710 26.272091 -78.9
50.208086 26.272094 -81.1
50.213324 26.272096 -84.1
50.210730 26.272100 -80.4
50.210750 26.272100 -79.3
50.214646 26.272103 -91.8
50.212232 26.272108 -78.7
50.210770 26.272109 -79.9
50.212102 26.272116 -80.3
50.212232 26.272117 -76.2
50.210800 26.272118 -80.6
50.210840 26.272118 -78.4
50.207665 26.272119 -86.2
50.208777 26.272125 -82.0
50.210820 26.272127 -79.5
50.209458 26.272129 -81.1
50.210159 26.272133 -83.3
50.212222 26.272135 -75.1
50.210850 26.272136 -81.6
50.207725 26.272137 -85.4
50.208055 26.272139 -80.0
50.210860 26.272146 -78.9
50.212212 26.272153 -75.3
50.210890 26.272155 -79.0
50.210920 26.272155 -75.9
50.214635 26.272157 -98.2
50.213503 26.272160 -84.8
50.212211 26.272162 -78.4
50.210819 26.272163 -80.6
50.210940 26.272164 -81.3
50.207785 26.272165 -83.5
50.212211 26.272171 -77.3
50.210970 26.272173 -79.9
50.209437 26.272174 -78.7
50.210138 26.272178 -84.1
50.213553 26.272178 -79.4
50.208756 26.272179 -83.6
50.207835 26.272183 -81.5
50.214625 26.272184 -99.8
50.213593 26.272188 -79.3
50.212071 26.272188 -84.2
50.211010 26.272192 -81.2
50.208035 26.272193 -78.5
50.212191 26.272198 -77.3
50.211039 26.272201 -81.4
50.207895 26.272201 -82.6
50.213633 26.272206 -77.7
50.210799 26.272208 -78.1
50.213663 26.272215 -79.9
50.208746 26.272215 -86.1
50.211079 26.272219 -80.0
50.207955 26.272220 -74.9
50.209427 26.272228 -79.7
50.211119 26.272228 -80.5
50.213703 26.272233 -81.0
50.213743 26.272234 -83.2
50.212171 26.272234 -80.7
50.211149 26.272237 -80.5
50.208005 26.272238 -73.6
50.208015 26.272238 -76.3
50.211179 26.272247 -80.6
50.210108 26.272250 -82.7
50.213773 26.272252 -81.6
50.212161 26.272252 -84.2
50.210779 26.272253 -79.8
50.208055 26.272257 -73.6
50.208726 26.272260 -85.6
50.212031 26.272260 -87.2
50.213803 26.272261 -83.6
50.207324 26.272262 -63.8
50.211219 26.272265 -83.1
50.214594 26.272265 -100.7
50.213833 26.272270 -82.1
50.209407 26.272273 -80.1
50.211259 26.272274 -81.9
50.208105 26.272275 -73.6
50.212151 26.272279 -83.2
50.213863 26.272279 -79.6
50.207994 26.272283 -81.9
50.210758 26.272289 -80.4
50.211299 26.272292 -81.6
50.213893 26.272298 -77.3
50.214574 26.272301 -99.8
50.211329 26.272302 -82.7
50.208165 26.272302 -79.8
50.208705 26.272305 -86.3
50.212140 26.272306 -84.2
50.211359 26.272311 -84.0
50.210087 26.272313 -84.6
50.213913 26.272316 -79.3
50.207974 26.272319 -80.1
50.208225 26.272321 -81.6
50.213943 26.272325 -80.3
50.209386 26.272327 -79.8
50.211389 26.272329 -82.3
50.212000 26.272332 -88.4
50.213973 26.272334 -81.8
50.213993 26.272334 -79.5
50.210748 26.272335 -82.7
50.214564 26.272337 -101.2
50.211429 26.272338 -82.0
50.208284 26.272339 -83.7
50.208685 26.272341 -86.0
50.214023 26.272343 -79.2
50.214043 26.272353 -77.3
50.207954 26.272355 -80.9
50.211469 26.272357 -80.3
50.208354 26.272367 -85.2
50.210728 26.272371 -82.0
50.214073 26.272371 -77.9
50.211509 26.272375 -83.0
50.210057 26.272376 -83.5
50.208675 26.272377 -86.2
50.214093 26.272380 -79.1
50.209366 26.272381 -77.3
50.211549 26.272384 -85.5
50.208414 26.272385 -88.7
50.214123 26.272389 -79.8
50.212090 26.272396 -85.6
50.214163 26.272398 -79.2
50.207944 26.272400 -76.7
50.211589 26.272402 -84.8
50.208484 26.272403 -83.9
50.208675 26.272404 -82.4
50.210708 26.272407 -82.9
50.214183 26.272408 -79.0
50.211619 26.272412 -86.1
50.214213 26.272417 -78.1
50.209346 26.272417 -82.3
50.214523 26.272418 -103.9
50.211659 26.272421 -84.6
50.208544 26.272422 -86.3
50.212070 26.272423 -81.2
50.208674 26.272431 -82.8
50.214243 26.272435 -79.2
50.214513 26.272436 -103.9
50.210026 26.272439 -86.3
50.211689 26.272439 -83.9
50.210687 26.272443 -86.1
50.214273 26.272444 -78.7
50.211719 26.272448 -85.0
50.208614 26.272449 -85.5
50.212049 26.272450 -83.0
50.214293 26.272453 -79.1
50.207923 26.272454 -77.8
50.214513 26.272455 -103.4
50.208684 26.272459 -85.5
50.209325 26.272462 -82.9
50.211749 26.272466 -82.9
50.214333 26.272472 -79.1
50.214483 26.272472 -96.5
50.214503 26.272473 -100.4
50.211779 26.272476 -81.0
50.208684 26.272477 -84.1
50.208704 26.272477 -82.7
50.210677 26.272479 -86.8
50.214353 26.272481 -78.3
50.214373 26.272481 -79.0
50.211799 26.272485 -82.2
50.214393 26.272490 -79.2
50.214403 26.272490 -79.5
50.214423 26.272490 -80.8
50.214443 26.272490 -85.3
50.214453 26.272490 -87.9
50.214473 26.272490 -90.1
50.211799 26.272494 -82.0
50.208724 26.272495 -84.6
50.208754 26.272495 -81.3
50.209315 26.272498 -83.6
50.211809 26.272503 -82.3
50.212039 26.272504 -87.1
50.207893 26.272508 -81.2
50.209996 26.272511 -86.8
50.211819 26.272512 -79.9
50.208754 26.272513 -82.3
50.210667 26.272515 -87.3
50.211818 26.272521 -86.2
50.211818 26.272530 -86.5
50.212039 26.272531 -82.1
50.208794 26.272531 -86.7
50.208834 26.272532 -79.2
50.209295 26.272534 -81.7
50.211818 26.272548 -83.7
50.210657 26.272551 -88.6
50.211908 26.272558 -87.1
50.208874 26.272559 -79.7
50.208914 26.272559 -83.4
50.209284 26.272561 -83.3
50.212028 26.272567 -79.8
50.207862 26.272571 -79.6
50.208924 26.272577 -82.3
50.209264 26.272579 -82.7
50.209965 26.272583 -88.7
50.211818 26.272584 -81.0
50.208974 26.272587 -83.8
50.208994 26.272587 -84.0
50.210636 26.272596 -87.0
50.209024 26.272605 -84.0
50.209064 26.272605 -85.9
50.209244 26.272606 -83.3
50.211808 26.272611 -85.2
50.212048 26.272613 -81.1
50.209064 26.272623 -86.2
50.209234 26.272624 -84.8
50.211878 26.272630 -83.7
50.209094 26.272632 -80.6
50.209124 26.272633 -82.0
50.209134 26.272642 -84.9
50.209164 26.272642 -87.5
50.209194 26.272642 -84.3
50.209214 26.272642 -82.0
50.207842 26.272644 -78.3
50.211798 26.272647 -91.1
50.210616 26.272650 -86.6
50.209194 26.272651 -79.3
50.209935 26.272664 -89.5
50.209254 26.272669 -80.7
50.210606 26.272695 -87.2
50.209304 26.272697 -84.9
50.207811 26.272707 -78.7
50.209354 26.272715 -87.7
50.209904 26.272727 -89.2
50.209403 26.272733 -90.9
50.211757 26.272737 -86.5
50.209443 26.272743 -90.1
50.210585 26.272749 -88.2
50.212378 26.272750 -88.4
50.209483 26.272752 -88.5
50.212398 26.272759 -82.1
50.212428 26.272768 -82.2
50.209533 26.272770 -88.5
50.212448 26.272777 -82.5
50.207781 26.272779 -77.4
50.212478 26.272786 -81.8
50.209573 26.272789 -88.5
50.209874 26.272790 -89.8
50.211727 26.272791 -88.5
50.210565 26.272794 -87.4
50.212508 26.272796 -83.0
50.207070 26.272802 -68.3
50.212538 26.272805 -86.0
50.209613 26.272807 -87.8
50.212558 26.272814 -85.2
50.209653 26.272816 -88.7
50.212578 26.272823 -90.6
50.212598 26.272823 -87.5
50.209703 26.272834 -88.7
50.210544 26.272839 -80.7
50.212618 26.272841 -92.4
50.207750 26.272842 -81.0
50.209853 26.272844 -87.6
50.211706 26.272845 -90.4
50.207049 26.272847 -68.3
50.212637 26.272851 -85.0
50.212648 26.272851 -90.0
50.209753 26.272853 -87.5
50.212657 26.272860 -92.0
50.212667 26.272860 -86.9
50.212687 26.272860 -89.1
50.212708 26.272860 -84.3
50.212718 26.272860 -83.2
50.212738 26.272860 -81.0
50.209793 26.272862 -86.8
50.212697 26.272869 -85.7
50.212748 26.272869 -83.8
50.212757 26.272878 -88.5
50.212767 26.272878 -90.4
50.209833 26.272880 -85.2
50.211766 26.272882 -89.8
50.210524 26.272884 -83.2
50.212787 26.272887 -100.1
50.209873 26.272890 -86.6
50.207039 26.272892 -68.1
50.212797 26.272897 -93.0
50.209823 26.272898 -82.1
50.212817 26.272906 -92.3
50.209913 26.272908 -85.8
50.211686 26.272909 -88.2
50.207730 26.272914 -76.7
50.212837 26.272915 -91.6
50.212867 26.272924 -92.8
50.209963 26.272926 -87.9
50.207019 26.272928 -68.0
50.210504 26.272929 -88.6
50.212887 26.272933 -86.3
50.212907 26.272942 -93.6
50.210023 26.272945 -89.2
50.212927 26.272951 -91.7
50.209782 26.272961 -86.2
50.210083 26.272963 -87.6
50.211735 26.272963 -91.2
50.206998 26.272964 -68.1
50.212957 26.272970 -90.4
50.211655 26.272972 -86.5
50.210483 26.272974 -89.2
50.212987 26.272979 -87.6
50.210123 26.272981 -88.0
50.213007 26.272988 -93.0
50.206978 26.272991 -67.0
50.207709 26.272995 -75.0
50.213037 26.272997 -91.4
50.210183 26.273000 -89.2
50.213057 26.273006 -90.3
50.210463 26.273010 -88.3
50.213087 26.273016 -94.6
50.210223 26.273018 -91.0
50.209752 26.273024 -89.9
50.213117 26.273025 -94.5
50.213137 26.273025 -88.2
50.211635 26.273026 -93.8
50.210273 26.273027 -89.3
50.206968 26.273036 -65.8
50.213167 26.273043 -86.7
50.211695 26.273044 -91.3
50.210313 26.273045 -88.1
50.210453 26.273046 -89.3
50.213187 26.273052 -87.4
50.210333 26.273055 -88.1
50.207679 26.273058 -77.0
50.213217 26.273061 -91.4
50.213237 26.273071 -86.7
50.210363 26.273073 -88.3
50.211614 26.273080 -91.2
50.213267 26.273080 -85.7
50.206947 26.273081 -66.1
50.210393 26.273082 -88.9
50.213297 26.273089 -88.9
50.210423 26.273091 -89.5
50.210433 26.273091 -90.0
50.209731 26.273096 -91.5
50.213327 26.273098 -83.8
50.213347 26.273107 -85.5
50.210452 26.273109 -90.5
50.210422 26.273118 -89.5
50.210492 26.273119 -89.0
50.207648 26.273121 -80.2
50.211654 26.273125 -92.9
50.206927 26.273126 -67.0
50.210542 26.273128 -90.4
50.211584 26.273134 -92.4
50.213417 26.273135 -89.5
50.213437 26.273135 -84.9
50.213467 26.273144 -85.6
50.210402 26.273154 -92.6
50.210592 26.273155 -91.3
50.213487 26.273162 -84.9
50.213507 26.273162 -83.4
50.211564 26.273170 -92.4
50.206907 26.273171 -67.2
50.213527 26.273171 -84.7
50.210642 26.273174 -92.8
50.209691 26.273177 -92.1
50.213547 26.273181 -86.7
50.207618 26.273184 -81.8
50.213567 26.273190 -87.8
50.213587 26.273190 -85.9
50.210382 26.273190 -93.3
50.210692 26.273192 -88.3
50.213617 26.273199 -86.3
50.213637 26.273199 -86.1
50.206887 26.273207 -66.8
50.213657 26.273208 -87.9
50.213667 26.273208 -87.9
50.213697 26.273218 -89.9
50.210752 26.273219 -88.2
50.211553 26.273224 -87.4
50.213717 26.273227 -87.6
50.210812 26.273229 -92.0
50.210361 26.273235 -95.7
50.213737 26.273236 -85.2
50.213757 26.273245 -85.3
50.213777 26.273245 -85.5
50.207587 26.273247 -85.4
50.210872 26.273247 -88.4
50.209650 26.273249 -93.0
50.213796 26.273254 -89.5
50.213816 26.273263 -87.8
50.211533 26.273269 -87.1
50.210922 26.273275 -87.8
50.213836 26.273281 -87.3
50.211573 26.273287 -87.4
50.210341 26.273289 -92.1
50.213856 26.273291 -89.7
50.210982 26.273293 -87.8
50.213876 26.273300 -95.2
50.211042 26.273302 -88.2
50.213906 26.273309 -93.4
50.207557 26.273310 -80.1
50.213946 26.273318 -98.6
50.209620 26.273322 -91.5
50.213966 26.273327 -91.0
50.211092 26.273330 -88.6
50.213976 26.273336 -97.7
50.211492 26.273341 -89.2
50.210321 26.273343 -95.9
50.213996 26.273346 -96.1
50.211132 26.273348 -86.4
50.214006 26.273355 -96.2
50.211182 26.273357 -86.2
50.214036 26.273373 -95.1
50.207526 26.273373 -81.0
50.211232 26.273376 -89.4
50.211542 26.273377 -91.9
50.214056 26.273382 -94.2
50.214066 26.273382 -99.3
50.209599 26.273385 -92.2
50.211272 26.273394 -83.5
50.211442 26.273395 -88.5
50.214076 26.273400 -99.8
50.211312 26.273403 -92.1
50.211352 26.273403 -86.8
50.211392 26.273404 -83.2
50.211422 26.273404 -84.8
50.210280 26.273406 -93.9
50.214066 26.273427 -98.3
50.209579 26.273430 -91.2
50.214066 26.273436 -94.6
50.207496 26.273445 -76.2
50.211502 26.273458 -90.5
50.210260 26.273470 -99.6
50.214045 26.273472 -99.0
50.209559 26.273475 -91.7
50.214045 26.273490 -97.4
50.209548 26.273511 -90.8
50.211461 26.273539 -90.0
50.210229 26.273542 -102.0
50.209528 26.273556 -95.7
50.214005 26.273562 -96.9
50.213995 26.273571 -97.2
50.213985 26.273580 -102.6
50.213985 26.273589 -97.9
50.213984 26.273598 -97.2
50.209508 26.273601 -97.5
50.213974 26.273607 -101.6
50.210209 26.273614 -100.3
50.211430 26.273620 -88.4
50.209477 26.273655 -93.1
50.210168 26.273677 -100.5
50.211390 26.273701 -89.5
50.206673 26.273703 -70.8
50.209447 26.273718 -94.3
50.210148 26.273749 -96.1
50.209426 26.273781 -93.4
50.211359 26.273783 -89.2
50.210107 26.273821 -99.5
50.209406 26.273853 -91.8
50.211329 26.273855 -93.2
50.210087 26.273884 -94.9
50.209365 26.273934 -87.9
50.211298 26.273936 -88.1
50.206611 26.273937 -76.0
50.210066 26.273938 -98.9
50.206611 26.273955 -79.2
50.210036 26.273992 -97.7
50.209335 26.274015 -84.3
50.210006 26.274037 -99.0
50.206530 26.274054 -83.2
50.211227 26.274089 -93.3
50.209985 26.274091 -90.0
50.206500 26.274099 -76.7
50.209294 26.274105 -80.4
50.206490 26.274126 -75.3
50.209965 26.274136 -91.9
50.206469 26.274153 -73.5
50.211196 26.274170 -96.0
50.206469 26.274180 -72.5
50.209944 26.274181 -94.9
50.209263 26.274186 -83.9
50.206449 26.274207 -71.3
50.209924 26.274235 -91.6
50.206439 26.274243 -72.2
50.209223 26.274276 -84.2
50.206419 26.274279 -72.6
50.209904 26.274289 -92.5
50.206408 26.274315 -72.2
50.211135 26.274323 -94.7
50.209883 26.274343 -90.7
50.206388 26.274351 -72.9
50.209192 26.274358 -84.2
50.206378 26.274396 -71.6
50.209853 26.274397 -87.9
50.207800 26.274413 -91.2
50.207820 26.274413 -90.7
50.207850 26.274413 -92.4
50.207790 26.274422 -89.8
50.207870 26.274422 -89.7
50.207069 26.274427 -89.2
50.207770 26.274431 -89.9
50.207890 26.274432 -87.7
50.206357 26.274432 -72.6
50.209162 26.274439 -81.3
50.207759 26.274440 -93.7
50.207920 26.274441 -88.7
50.207930 26.274450 -86.6
50.207950 26.274450 -87.3
50.207749 26.274458 -90.2
50.207980 26.274459 -91.2
50.209832 26.274460 -86.9
50.206347 26.274468 -73.4
50.208000 26.274468 -89.2
50.207048 26.274472 -96.9
50.207739 26.274476 -90.5
50.211064 26.274476 -92.6
50.208020 26.274477 -91.1
50.208050 26.274487 -88.9
50.207719 26.274494 -90.1
50.208080 26.274496 -88.0
50.206337 26.274504 -72.3
50.208110 26.274505 -88.8
50.209121 26.274511 -84.9
50.209802 26.274514 -85.8
50.207028 26.274517 -91.5
50.207719 26.274521 -92.2
50.208149 26.274523 -89.4
50.206317 26.274540 -71.5
50.208199 26.274542 -89.2
50.211024 26.274548 -92.4
50.208249 26.274551 -89.5
50.207699 26.274557 -92.3
50.206997 26.274562 -96.4
50.209782 26.274568 -83.0
50.208299 26.274569 -88.3
50.209101 26.274574 -86.4
50.206296 26.274576 -71.2
50.207678 26.274584 -87.8
50.208339 26.274588 -86.6
50.208369 26.274597 -90.0
50.208399 26.274606 -90.4
50.206977 26.274607 -93.5
50.206286 26.274612 -71.1
50.208429 26.274615 -89.2
50.209070 26.274628 -81.1
50.207658 26.274629 -88.0
50.210993 26.274629 -92.3
50.209761 26.274632 -87.6
50.208459 26.274633 -90.4
50.208499 26.274643 -85.0
50.206276 26.274648 -71.5
50.208539 26.274652 -91.4
50.208579 26.274670 -84.1
50.209050 26.274673 -79.8
50.207638 26.274674 -88.5
50.208609 26.274679 -88.6
50.206266 26.274684 -72.2
50.209731 26.274686 -85.4
50.210963 26.274692 -95.6
50.208649 26.274698 -88.8
50.208689 26.274707 -83.5
50.209040 26.274709 -80.9
50.206245 26.274711 -73.2
50.208729 26.274725 -85.3
50.207617 26.274728 -88.4
50.209029 26.274736 -85.5
50.206235 26.274738 -72.8
50.209710 26.274740 -84.9
50.208769 26.274743 -85.9
50.209009 26.274745 -84.6
50.208809 26.274753 -84.4
50.209009 26.274754 -84.2
50.209019 26.274754 -83.3
50.208839 26.274762 -88.1
50.209009 26.274763 -83.5
50.210922 26.274764 -92.6
50.208859 26.274771 -82.1
50.209009 26.274772 -84.2
50.206225 26.274775 -74.0
50.209009 26.274781 -86.2
50.208889 26.274789 -82.2
50.208899 26.274789 -81.8
50.208999 26.274790 -84.8
50.209009 26.274790 -85.6
50.207597 26.274791 -86.5
50.206215 26.274793 -74.3
50.209690 26.274794 -79.5
50.208999 26.274799 -86.3
50.208919 26.274807 -83.6
50.208979 26.274808 -83.6
50.208989 26.274808 -87.3
50.206205 26.274811 -74.4
50.208929 26.274817 -83.8
50.208949 26.274817 -81.7
50.208959 26.274817 -84.6
50.208969 26.274817 -82.3
50.206204 26.274829 -77.2
50.209670 26.274830 -77.6
50.210891 26.274836 -90.1
50.207576 26.274845 -89.5
50.206204 26.274847 -83.4
50.209659 26.274875 -76.8
50.207556 26.274899 -92.2
50.210851 26.274899 -94.3
50.209639 26.274911 -78.7
50.209629 26.274929 -79.7
50.209629 26.274938 -86.4
50.207526 26.274962 -92.6
50.210821 26.274962 -92.9
50.206814 26.275004 -87.6
50.207505 26.275025 -87.3
50.210790 26.275025 -85.8
50.206794 26.275030 -87.9
50.207485 26.275079 -88.3
50.210739 26.275143 -88.6
50.207464 26.275143 -93.5
50.207454 26.275179 -91.5
50.210709 26.275206 -91.6
50.210688 26.275251 -92.3
50.210668 26.275296 -87.6
50.210648 26.275341 -88.6
50.210627 26.275386 -86.2
50.210607 26.275422 -86.2
50.210597 26.275449 -84.8
50.210587 26.275476 -83.5
50.210466 26.275493 -85.6
50.210466 26.275502 -89.0
50.210566 26.275503 -79.1
50.210466 26.275511 -88.3
50.210456 26.275520 -85.5
50.210556 26.275521 -80.1
50.210456 26.275529 -83.2
50.210446 26.275538 -80.6
50.210456 26.275538 -83.2
50.210546 26.275539 -83.8
50.210446 26.275547 -74.9
50.210546 26.275548 -81.4
50.210446 26.275556 -79.9
50.210456 26.275556 -78.2
50.210466 26.275556 -79.2
50.210476 26.275556 -85.4
50.210486 26.275556 -84.0
50.210496 26.275557 -83.4
50.210536 26.275557 -79.9
50.210446 26.275565 -81.0
50.210496 26.275566 -87.7
50.210506 26.275566 -82.2
50.210516 26.275566 -78.2
50.210526 26.275566 -83.9
50.209019 26.276226 -95.0
50.208795 26.276775 -91.6
50.208755 26.276856 -94.8
50.208724 26.276919 -97.6
50.208714 26.276946 -92.2
50.208694 26.276991 -94.5
50.208683 26.277036 -100.0
50.208673 26.277054 -95.2
50.208663 26.277081 -101.2
50.208653 26.277117 -98.2
50.208632 26.277153 -94.1
50.208622 26.277199 -96.4
50.208602 26.277235 -102.2
50.208581 26.277280 -96.4
