50.210374 26.269963 -95.6
50.210373 26.269971 -98.5
50.210362 26.269979 -96.5
50.210371 26.269980 -97.4
50.210361 26.269987 -96.1
50.210359 26.269996 -94.7
50.210369 26.269997 -95.3
50.210358 26.270004 -95.3
50.210356 26.270013 -94.9
50.210345 26.270020 -95.2
50.210355 26.270021 -93.8
50.210334 26.270027 -91.0
50.210344 26.270029 -96.7
50.210333 26.270036 -92.0
50.210332 26.270044 -92.6
50.210330 26.270053 -93.2
50.210329 26.270061 -96.0
50.210327 26.270070 -97.2
50.210316 26.270077 -94.4
50.210326 26.270079 -96.3
50.210315 26.270086 -92.2
50.210314 26.270094 -90.3
50.210312 26.270103 -88.8
50.210301 26.270110 -87.3
50.210300 26.270119 -87.1
50.210298 26.270127 -88.3
50.210297 26.270136 -90.7
50.210296 26.270144 -89.2
50.210285 26.270152 -90.3
50.210283 26.270160 -91.8
50.210282 26.270169 -86.4
50.210280 26.270177 -90.1
50.210279 26.270186 -88.9
50.210268 26.270193 -90.0
50.210277 26.270194 -90.2
50.210267 26.270202 -90.1
50.208735 26.270203 -69.4
50.208744 26.270205 -73.0
50.208754 26.270206 -75.4
50.208705 26.270208 -63.5
50.210265 26.270210 -88.2
50.208791 26.270211 -75.0
50.208733 26.270212 -69.8
50.208743 26.270213 -72.3
50.208762 26.270216 -77.6
50.208771 26.270217 -79.4
50.210254 26.270217 -86.2
50.208781 26.270218 -77.7
50.210264 26.270219 -90.9
50.208790 26.270220 -78.3
50.208751 26.270223 -75.0
50.208760 26.270224 -77.4
50.208770 26.270225 -74.2
50.210253 26.270226 -80.9
50.208798 26.270229 -71.5
50.208768 26.270234 -79.5
50.210251 26.270234 -84.0
50.208787 26.270237 -78.7
50.208806 26.270239 -69.0
50.210250 26.270243 -85.7
50.208835 26.270243 -69.8
50.210249 26.270252 -86.0
50.208843 26.270253 -70.0
50.208871 26.270257 -71.8
50.208890 26.270259 -72.0
50.210247 26.270260 -82.4
50.210236 26.270267 -84.8
50.210235 26.270276 -82.0
50.208935 26.270283 -76.2
50.210233 26.270284 -79.7
50.210232 26.270293 -80.6
50.208981 26.270298 -73.0
50.208990 26.270299 -74.5
50.208999 26.270300 -75.4
50.210230 26.270302 -81.9
50.209009 26.270302 -76.1
50.208998 26.270309 -69.8
50.210229 26.270310 -80.1
50.209017 26.270312 -73.1
50.209027 26.270313 -76.6
50.210228 26.270319 -81.7
50.209025 26.270321 -77.4
50.209035 26.270323 -74.6
50.209044 26.270324 -80.5
50.209054 26.270325 -76.1
50.210217 26.270326 -81.1
50.209063 26.270327 -81.1
50.209072 26.270328 -69.8
50.210215 26.270334 -82.1
50.209090 26.270339 -71.3
50.209109 26.270341 -69.8
50.210214 26.270343 -83.3
50.209117 26.270351 -67.3
50.210212 26.270352 -78.9
50.209145 26.270355 -71.6
50.210202 26.270359 -79.0
50.210211 26.270360 -79.0
50.209163 26.270366 -71.8
50.210210 26.270369 -80.4
50.209182 26.270369 -72.3
50.210199 26.270376 -77.6
50.210197 26.270384 -78.2
50.209226 26.270392 -71.8
50.210196 26.270393 -77.4
50.209245 26.270395 -72.3
50.210194 26.270402 -77.5
50.209263 26.270406 -72.3
50.209291 26.270410 -75.2
50.210193 26.270410 -76.4
50.210182 26.270417 -75.3
50.209299 26.270420 -75.3
50.209328 26.270424 -73.6
50.210171 26.270425 -75.4
50.210170 26.270433 -74.5
50.209336 26.270434 -75.0
50.209364 26.270437 -75.9
50.210168 26.270442 -76.8
50.209391 26.270450 -76.1
50.210167 26.270450 -77.7
50.209410 26.270452 -71.0
50.209429 26.270455 -69.5
50.210165 26.270459 -76.6
50.209437 26.270465 -69.9
50.210155 26.270466 -77.2
50.210164 26.270467 -76.6
50.209456 26.270467 -72.8
50.209485 26.270471 -75.9
50.209494 26.270472 -76.1
50.210153 26.270475 -74.2
50.210152 26.270483 -70.2
50.210150 26.270492 -72.9
50.210149 26.270500 -73.3
50.210147 26.270509 -72.8
50.210136 26.270516 -71.3
50.210135 26.270525 -73.2
50.210134 26.270533 -72.2
50.210132 26.270542 -72.5
50.208755 26.270547 -78.4
50.210121 26.270549 -71.9
50.210120 26.270557 -69.3
50.210129 26.270559 -71.9
50.208752 26.270564 -77.4
50.210118 26.270566 -67.9
50.210117 26.270575 -70.3
50.208740 26.270580 -77.5
50.210116 26.270583 -68.1
50.210114 26.270592 -68.2
50.208737 26.270597 -77.5
50.209832 26.270597 -62.3
50.209842 26.270598 -62.4
50.210113 26.270600 -66.8
50.210102 26.270607 -69.5
50.210111 26.270609 -67.3
50.209869 26.270611 -62.8
50.209878 26.270612 -63.2
50.208734 26.270614 -78.1
50.209897 26.270615 -63.4
50.210110 26.270617 -63.8
50.208732 26.270622 -78.7
50.209915 26.270626 -63.8
50.210108 26.270626 -63.0
50.209934 26.270628 -65.2
50.208721 26.270630 -78.2
50.210107 26.270634 -66.0
50.210116 26.270636 -63.5
50.209942 26.270638 -65.2
50.209961 26.270641 -64.5
50.210115 26.270644 -61.8
50.208719 26.270647 -76.0
50.209978 26.270652 -64.5
50.210123 26.270654 -59.3
50.208717 26.270655 -77.7
50.210122 26.270663 -61.6
50.209996 26.270663 -64.4
50.210131 26.270664 -61.3
50.210005 26.270664 -64.6
50.210024 26.270667 -62.9
50.210034 26.270668 -65.0
50.208705 26.270671 -75.6
50.210130 26.270672 -64.6
50.210139 26.270674 -65.5
50.210051 26.270679 -64.7
50.210061 26.270681 -64.5
50.210079 26.270683 -66.7
50.210147 26.270684 -66.9
50.210157 26.270685 -66.0
50.208702 26.270688 -72.8
50.210097 26.270694 -68.5
50.210165 26.270695 -67.2
50.210106 26.270695 -69.2
50.208691 26.270696 -71.9
50.210174 26.270696 -62.5
50.210125 26.270698 -70.6
50.210173 26.270705 -61.3
50.210182 26.270706 -60.4
50.210124 26.270707 -70.4
50.210192 26.270707 -61.3
50.210152 26.270710 -69.9
50.209386 26.270711 -78.5
50.208679 26.270711 -74.8
50.210171 26.270713 -68.5
50.210200 26.270717 -63.5
50.210209 26.270718 -62.6
50.209385 26.270720 -79.5
50.208677 26.270720 -82.4
50.210170 26.270722 -68.7
50.210189 26.270724 -68.8
50.210208 26.270727 -70.1
50.210217 26.270728 -61.1
50.209384 26.270728 -77.9
50.210227 26.270729 -63.0
50.210236 26.270731 -63.4
50.210216 26.270737 -70.3
50.209382 26.270737 -76.7
50.208674 26.270737 -82.4
50.210235 26.270739 -69.6
50.210244 26.270740 -66.3
50.210254 26.270742 -64.6
50.210273 26.270744 -67.5
50.209381 26.270745 -76.7
50.210282 26.270746 -69.4
50.210262 26.270752 -70.0
50.209370 26.270753 -79.0
50.208662 26.270753 -80.5
50.210271 26.270753 -69.5
50.210281 26.270754 -69.4
50.210290 26.270755 -68.9
50.210300 26.270757 -70.7
50.210309 26.270758 -68.8
50.208661 26.270761 -78.6
50.210308 26.270767 -69.6
50.210327 26.270769 -68.7
50.209367 26.270770 -79.9
50.210336 26.270770 -65.7
50.210355 26.270773 -66.3
50.210713 26.270778 -79.8
50.210344 26.270780 -71.1
50.210354 26.270782 -71.4
50.210373 26.270784 -67.6
50.210382 26.270785 -68.7
50.209355 26.270786 -79.4
50.208647 26.270786 -79.8
50.210712 26.270786 -77.2
50.210392 26.270787 -67.2
50.210701 26.270794 -71.5
50.209353 26.270794 -79.0
50.208646 26.270794 -78.5
50.210710 26.270795 -73.3
50.210400 26.270797 -67.9
50.210419 26.270799 -66.4
50.210428 26.270800 -68.1
50.210709 26.270804 -71.0
50.209341 26.270810 -78.4
50.210436 26.270810 -66.9
50.210698 26.270811 -68.5
50.210446 26.270812 -68.0
50.210455 26.270813 -68.3
50.210687 26.270818 -66.5
50.209339 26.270819 -79.9
50.208632 26.270819 -78.8
50.210697 26.270819 -68.0
50.210134 26.270822 -64.1
50.210463 26.270823 -69.2
50.210482 26.270825 -69.2
50.210676 26.270825 -65.8
50.210104 26.270826 -66.6
50.210492 26.270826 -67.7
50.210686 26.270827 -65.3
50.210113 26.270828 -65.5
50.210501 26.270828 -70.9
50.210123 26.270829 -64.6
50.210511 26.270829 -71.0
50.210074 26.270831 -66.6
50.210142 26.270831 -63.2
50.210084 26.270832 -66.1
50.210665 26.270833 -65.5
50.210151 26.270833 -62.1
50.210093 26.270834 -68.2
50.210675 26.270834 -63.6
50.210161 26.270834 -64.2
50.210170 26.270835 -62.4
50.209337 26.270836 -80.1
50.208629 26.270836 -80.7
50.210054 26.270837 -69.0
50.210635 26.270837 -68.4
50.210509 26.270838 -69.2
50.210189 26.270838 -62.0
50.210063 26.270838 -68.9
50.210645 26.270839 -69.2
50.210073 26.270839 -65.3
50.210654 26.270840 -68.4
50.210528 26.270840 -66.9
50.210208 26.270840 -61.6
50.210596 26.270841 -70.3
50.210538 26.270841 -67.9
50.210606 26.270842 -69.3
50.210547 26.270843 -65.6
50.210033 26.270843 -74.2
50.209326 26.270843 -80.4
50.210615 26.270843 -69.0
50.210557 26.270844 -67.7
50.210043 26.270844 -70.2
50.208627 26.270844 -80.0
50.210624 26.270845 -69.6
50.210566 26.270845 -66.7
50.210576 26.270847 -68.1
50.210585 26.270848 -69.5
50.210022 26.270850 -75.1
50.210032 26.270851 -75.3
50.209324 26.270851 -80.5
50.210226 26.270852 -61.1
50.210555 26.270853 -65.7
50.208626 26.270853 -78.8
50.210235 26.270853 -60.7
50.210574 26.270855 -63.3
50.210254 26.270855 -60.5
50.210264 26.270857 -62.7
50.210012 26.270857 -65.7
50.210021 26.270859 -73.4
50.208625 26.270861 -76.4
50.210001 26.270865 -69.9
50.210010 26.270866 -65.7
50.210592 26.270866 -63.6
50.210272 26.270867 -63.0
50.210601 26.270868 -63.9
50.209321 26.270869 -79.5
50.210291 26.270869 -63.4
50.210620 26.270870 -66.1
50.210300 26.270870 -63.4
50.210319 26.270873 -64.4
50.209999 26.270873 -71.4
50.209320 26.270877 -87.9
50.208612 26.270877 -76.5
50.210628 26.270880 -64.6
50.210638 26.270881 -64.1
50.209998 26.270882 -72.7
50.210657 26.270884 -66.5
50.210337 26.270884 -64.2
50.210346 26.270885 -64.4
50.210676 26.270886 -65.0
50.210356 26.270887 -63.7
50.210685 26.270888 -64.9
50.210365 26.270888 -64.2
50.209987 26.270889 -76.1
50.209996 26.270890 -74.8
50.209308 26.270893 -88.5
50.208609 26.270894 -81.5
50.210693 26.270898 -66.4
50.209985 26.270898 -76.6
50.210703 26.270899 -67.9
50.210383 26.270899 -64.8
50.210392 26.270900 -65.0
50.210722 26.270901 -70.4
50.210402 26.270902 -65.1
50.210731 26.270903 -69.6
50.208608 26.270903 -79.7
50.210411 26.270903 -65.2
50.210741 26.270904 -69.6
50.210421 26.270904 -66.2
50.210750 26.270905 -70.7
50.210430 26.270906 -68.5
50.209984 26.270906 -78.2
50.210449 26.270908 -70.0
50.209305 26.270910 -87.7
50.209973 26.270913 -78.1
50.210768 26.270916 -70.4
50.210777 26.270918 -68.2
50.210457 26.270918 -69.8
50.209303 26.270919 -89.3
50.208596 26.270919 -78.8
50.210787 26.270919 -68.5
50.210467 26.270919 -69.4
50.210796 26.270920 -68.3
50.210476 26.270921 -68.7
50.210486 26.270922 -67.8
50.209972 26.270922 -79.9
50.209961 26.270929 -78.0
50.210804 26.270930 -69.1
50.210814 26.270931 -67.6
50.210494 26.270932 -67.3
50.210503 26.270933 -69.1
50.209291 26.270934 -88.9
50.210522 26.270935 -70.9
50.208593 26.270936 -79.5
50.209959 26.270938 -79.6
50.210822 26.270941 -64.6
50.210831 26.270943 -64.4
50.209290 26.270943 -89.9
50.210841 26.270944 -63.9
50.209948 26.270945 -80.2
50.210530 26.270945 -70.8
50.210540 26.270947 -70.7
50.210549 26.270948 -70.8
50.208580 26.270951 -79.4
50.209947 26.270954 -81.7
50.210858 26.270955 -63.2
50.210868 26.270956 -63.2
50.210557 26.270958 -70.6
50.210887 26.270959 -64.8
50.210567 26.270959 -69.6
50.209287 26.270960 -90.6
50.208579 26.270960 -79.6
50.210896 26.270960 -66.1
50.210576 26.270960 -68.3
50.210905 26.270961 -65.3
50.210586 26.270962 -67.7
50.209285 26.270969 -90.1
50.209944 26.270971 -82.0
50.210594 26.270971 -68.5
50.210923 26.270972 -65.2
50.210932 26.270974 -65.2
50.210613 26.270974 -66.6
50.210942 26.270975 -66.5
50.210631 26.270977 -65.9
50.208576 26.270977 -79.1
50.209933 26.270978 -81.8
50.209273 26.270984 -89.4
50.210959 26.270986 -68.9
50.210640 26.270986 -65.7
50.209932 26.270986 -82.4
50.210649 26.270988 -67.3
50.210978 26.270989 -68.7
50.210658 26.270989 -68.8
50.208564 26.270993 -77.9
50.209930 26.270995 -82.4
50.210986 26.270999 -67.2
50.210667 26.270999 -69.2
50.210676 26.271000 -68.5
50.211005 26.271001 -67.3
50.209270 26.271001 -91.1
50.209919 26.271002 -81.1
50.211015 26.271002 -67.8
50.209269 26.271010 -90.2
50.208561 26.271010 -76.8
50.210694 26.271011 -69.0
50.211023 26.271012 -69.0
50.211042 26.271015 -67.8
50.210664 26.271016 -68.6
50.211051 26.271016 -66.5
50.210673 26.271017 -68.8
50.209258 26.271017 -91.4
50.210683 26.271018 -70.5
50.209917 26.271019 -81.2
50.210692 26.271020 -68.1
50.210634 26.271021 -70.6
50.210702 26.271021 -66.8
50.210643 26.271022 -67.2
50.210711 26.271022 -69.4
50.210653 26.271023 -67.1
50.210721 26.271024 -68.5
50.210730 26.271025 -68.8
50.208549 26.271026 -76.3
50.210740 26.271026 -68.5
50.211069 26.271027 -67.2
50.210749 26.271027 -67.1
50.211078 26.271029 -68.5
50.210758 26.271029 -71.2
50.210632 26.271029 -72.5
50.209255 26.271034 -91.2
50.210621 26.271036 -74.0
50.209914 26.271036 -81.1
50.210757 26.271037 -70.8
50.210767 26.271039 -72.6
50.211096 26.271040 -68.0
50.210776 26.271040 -73.4
50.211105 26.271041 -67.6
50.210795 26.271042 -74.4
50.209253 26.271043 -90.9
50.208546 26.271043 -75.3
50.211124 26.271044 -67.2
50.210611 26.271044 -72.2
50.209903 26.271044 -81.5
50.210804 26.271044 -72.2
50.210784 26.271050 -70.4
50.208535 26.271050 -77.5
50.210794 26.271051 -70.9
50.210609 26.271052 -72.5
50.210803 26.271052 -71.7
50.210812 26.271054 -71.6
50.211142 26.271055 -66.9
50.211151 26.271056 -68.3
50.210831 26.271056 -70.5
50.210841 26.271057 -69.6
50.211170 26.271059 -67.6
50.210850 26.271059 -70.1
50.209251 26.271060 -90.7
50.210860 26.271060 -71.7
50.210608 26.271061 -75.4
50.209900 26.271061 -81.0
50.210811 26.271062 -69.8
50.210830 26.271065 -71.9
50.209240 26.271067 -90.0
50.208532 26.271067 -76.2
50.210849 26.271067 -72.7
50.210606 26.271069 -82.0
50.209899 26.271069 -81.5
50.211188 26.271070 -67.2
50.211197 26.271071 -69.1
50.210877 26.271071 -71.2
50.211216 26.271073 -69.6
50.210896 26.271074 -70.5
50.210906 26.271075 -71.0
50.208531 26.271076 -76.8
50.210857 26.271077 -71.9
50.210605 26.271078 -83.3
50.209897 26.271078 -81.9
50.210867 26.271078 -71.0
50.210876 26.271080 -69.8
50.210885 26.271081 -70.1
50.209237 26.271084 -90.5
50.210914 26.271085 -71.0
50.210594 26.271085 -81.7
50.210603 26.271086 -82.0
50.210933 26.271087 -70.9
50.210952 26.271090 -70.0
50.208518 26.271092 -76.0
50.210903 26.271092 -67.4
50.210971 26.271093 -68.9
50.209235 26.271093 -89.8
50.210593 26.271094 -83.3
50.209885 26.271094 -81.2
50.210980 26.271094 -68.0
50.210922 26.271095 -68.0
50.210602 26.271095 -80.6
50.210941 26.271097 -67.0
50.210950 26.271099 -67.2
50.210591 26.271102 -83.0
50.209893 26.271103 -83.0
50.210988 26.271104 -68.7
50.210998 26.271105 -68.9
50.211017 26.271108 -68.0
50.209223 26.271109 -89.3
50.208515 26.271109 -77.2
50.210968 26.271110 -66.8
50.210590 26.271111 -83.3
50.210977 26.271111 -66.8
50.210987 26.271112 -67.2
50.208514 26.271117 -75.1
50.210579 26.271118 -83.8
50.211034 26.271119 -68.2
50.210588 26.271119 -84.8
50.209881 26.271119 -83.3
50.211044 26.271120 -68.0
50.211053 26.271121 -70.2
50.211004 26.271123 -67.1
50.211072 26.271124 -69.6
50.211014 26.271125 -66.8
50.211082 26.271125 -68.9
50.209220 26.271126 -88.6
50.211023 26.271126 -66.7
50.210577 26.271127 -85.4
50.211033 26.271127 -67.6
50.209879 26.271128 -83.0
50.208502 26.271133 -75.0
50.209219 26.271134 -89.5
50.211090 26.271135 -69.8
50.211099 26.271136 -69.6
50.211041 26.271137 -68.3
50.211109 26.271138 -68.7
50.211118 26.271139 -68.1
50.211060 26.271140 -69.7
50.211069 26.271141 -69.8
50.208500 26.271142 -73.0
50.207986 26.271142 -84.4
50.207996 26.271143 -82.0
50.210574 26.271144 -86.0
50.209876 26.271145 -82.4
50.208015 26.271146 -80.5
50.211117 26.271147 -70.1
50.211126 26.271149 -72.2
50.211136 26.271150 -74.2
50.209206 26.271150 -89.8
50.211145 26.271151 -74.8
50.211087 26.271152 -70.2
50.211096 26.271153 -70.3
50.208023 26.271155 -79.5
50.208042 26.271158 -77.5
50.208497 26.271159 -72.7
50.208051 26.271159 -78.2
50.210562 26.271159 -86.4
50.211153 26.271161 -73.9
50.209873 26.271162 -84.9
50.211163 26.271162 -73.1
50.211172 26.271164 -74.5
50.211114 26.271164 -69.3
50.209194 26.271166 -91.0
50.208486 26.271166 -71.4
50.211133 26.271167 -69.3
50.211142 26.271168 -71.0
50.210570 26.271169 -86.2
50.208069 26.271170 -77.0
50.208078 26.271172 -77.5
50.208088 26.271173 -75.5
50.211180 26.271173 -72.4
50.209193 26.271174 -91.4
50.210559 26.271177 -87.3
50.209861 26.271178 -86.0
50.208484 26.271183 -74.2
50.208105 26.271184 -76.2
50.210558 26.271185 -86.8
50.208115 26.271185 -78.2
50.209860 26.271186 -85.2
50.208124 26.271187 -80.6
50.209190 26.271192 -90.6
50.208482 26.271192 -73.7
50.210556 26.271194 -89.0
50.209858 26.271195 -86.4
50.208132 26.271196 -81.6
50.209179 26.271199 -90.1
50.208151 26.271199 -78.8
50.208481 26.271200 -70.8
50.210554 26.271211 -88.0
50.209846 26.271211 -84.5
50.208178 26.271211 -76.0
50.208197 26.271214 -76.5
50.208207 26.271215 -74.0
50.209176 26.271216 -90.2
50.208216 26.271217 -73.4
50.208478 26.271217 -73.8
50.210552 26.271219 -89.0
50.208234 26.271228 -66.7
50.209843 26.271228 -84.5
50.208243 26.271229 -67.0
50.208262 26.271232 -67.6
50.208272 26.271233 -69.7
50.209173 26.271233 -89.5
50.208466 26.271233 -75.1
50.210540 26.271235 -91.5
50.209172 26.271242 -90.5
50.208464 26.271242 -74.6
50.208280 26.271243 -68.1
50.209831 26.271244 -86.3
50.208299 26.271245 -66.5
50.208308 26.271247 -66.0
50.210537 26.271252 -92.7
50.208316 26.271256 -70.5
50.209159 26.271257 -91.2
50.208452 26.271257 -75.5
50.208335 26.271259 -72.6
50.210536 26.271261 -91.8
50.209828 26.271261 -85.8
50.210525 26.271268 -87.2
50.208343 26.271269 -76.8
50.208353 26.271270 -73.0
50.208372 26.271273 -71.4
50.208439 26.271273 -77.1
50.209157 26.271274 -90.1
50.208449 26.271274 -76.0
50.209825 26.271278 -84.8
50.208380 26.271283 -68.8
50.210522 26.271285 -87.2
50.208399 26.271285 -69.0
50.209824 26.271286 -83.6
50.208408 26.271286 -74.0
50.208418 26.271288 -75.2
50.211520 26.271289 -70.2
50.209144 26.271290 -91.9
50.208437 26.271290 -77.0
50.210520 26.271294 -90.0
50.209143 26.271299 -91.2
50.208435 26.271299 -75.2
50.211528 26.271299 -68.0
50.211537 26.271301 -65.3
50.208454 26.271301 -72.2
50.209811 26.271302 -80.8
50.208473 26.271304 -75.2
50.210517 26.271311 -91.2
50.211555 26.271312 -67.8
50.211564 26.271313 -69.3
50.208481 26.271314 -76.2
50.211574 26.271314 -69.1
50.208423 26.271315 -76.7
50.209140 26.271316 -88.9
50.208500 26.271316 -78.1
50.209808 26.271319 -83.1
50.209129 26.271323 -87.6
50.208421 26.271323 -76.5
50.211591 26.271325 -68.1
50.208508 26.271326 -78.0
50.210505 26.271327 -91.0
50.211601 26.271327 -68.0
50.208518 26.271327 -78.3
50.209807 26.271328 -83.4
50.211610 26.271328 -69.0
50.208527 26.271329 -78.8
50.208537 26.271330 -76.7
50.208420 26.271332 -76.6
50.209137 26.271333 -87.8
50.210504 26.271335 -91.6
50.211628 26.271339 -68.7
50.208554 26.271341 -77.2
50.211647 26.271342 -66.9
50.208564 26.271342 -79.6
50.209795 26.271344 -86.2
50.208573 26.271344 -79.9
50.212383 26.271346 -78.7
50.208592 26.271346 -80.4
50.208408 26.271347 -83.0
50.209125 26.271349 -85.2
50.211655 26.271352 -66.3
50.210501 26.271352 -93.7
50.209793 26.271352 -80.3
50.211674 26.271354 -68.1
50.211693 26.271357 -68.7
50.209123 26.271357 -88.0
50.208610 26.271357 -83.2
50.211702 26.271358 -67.2
50.212351 26.271359 -80.0
50.210490 26.271359 -96.8
50.208629 26.271360 -82.1
50.211721 26.271361 -67.9
50.208638 26.271361 -80.4
50.211730 26.271362 -69.1
50.212380 26.271363 -80.5
50.208405 26.271365 -82.9
50.212340 26.271366 -78.6
50.212350 26.271367 -78.3
50.212359 26.271369 -82.0
50.209790 26.271369 -77.3
50.211738 26.271372 -68.8
50.208394 26.271372 -83.5
50.208656 26.271372 -84.6
50.209111 26.271373 -90.5
50.212330 26.271373 -76.2
50.208665 26.271374 -83.5
50.211757 26.271374 -68.0
50.212339 26.271375 -75.7
50.211767 26.271376 -67.1
50.210487 26.271376 -96.1
50.212358 26.271377 -71.6
50.212368 26.271378 -76.5
50.208392 26.271380 -83.3
50.212319 26.271381 -70.0
50.212328 26.271382 -73.1
50.212338 26.271383 -79.6
50.208673 26.271384 -83.6
50.208683 26.271385 -85.0
50.209778 26.271385 -77.4
50.211775 26.271385 -68.0
50.212357 26.271386 -73.4
50.208692 26.271386 -86.2
50.211784 26.271387 -68.7
50.212308 26.271388 -73.9
50.212317 26.271389 -71.4
50.212336 26.271392 -77.1
50.210484 26.271394 -97.7
50.209777 26.271394 -82.0
50.212297 26.271395 -70.7
50.212365 26.271396 -75.0
50.212306 26.271396 -71.6
50.208710 26.271397 -87.5
50.209097 26.271397 -88.9
50.208390 26.271397 -82.7
50.212316 26.271398 -73.6
50.211802 26.271398 -68.9
50.212325 26.271399 -74.6
50.211811 26.271399 -69.0
50.208729 26.271400 -86.5
50.211821 26.271400 -68.9
50.209766 26.271401 -85.3
50.208738 26.271401 -86.4
50.211840 26.271403 -69.0
50.212295 26.271404 -72.9
50.211849 26.271404 -67.4
50.208379 26.271405 -82.9
50.211868 26.271407 -67.3
50.210472 26.271409 -97.8
50.209764 26.271409 -86.9
50.208746 26.271411 -86.0
50.212352 26.271411 -72.5
50.208756 26.271412 -86.9
50.209094 26.271415 -88.6
50.208774 26.271415 -85.1
50.211876 26.271417 -67.5
50.208793 26.271417 -86.3
50.211886 26.271418 -68.5
50.210470 26.271418 -97.7
50.212351 26.271420 -73.3
50.211905 26.271420 -69.1
50.208366 26.271421 -82.1
50.209761 26.271426 -78.7
50.208811 26.271428 -87.5
50.208820 26.271430 -86.4
50.209082 26.271430 -88.5
50.208830 26.271431 -87.8
50.211922 26.271432 -70.2
50.211932 26.271433 -71.2
50.208849 26.271434 -88.1
50.210458 26.271434 -96.7
50.212329 26.271434 -78.3
50.208858 26.271435 -88.1
50.209760 26.271435 -79.9
50.211951 26.271435 -71.9
50.212339 26.271436 -75.8
50.212348 26.271437 -74.5
50.208363 26.271438 -81.7
50.209081 26.271439 -87.4
50.212328 26.271443 -77.3
50.212337 26.271444 -76.0
50.208866 26.271445 -88.8
50.211959 26.271445 -71.2
50.212540 26.271446 -76.2
50.208876 26.271446 -88.9
50.208362 26.271446 -81.1
50.211968 26.271447 -69.7
50.209079 26.271447 -86.5
50.211978 26.271448 -68.9
50.208895 26.271449 -87.9
50.208904 26.271450 -86.8
50.210455 26.271451 -96.5
50.209748 26.271451 -80.9
50.208914 26.271451 -84.5
50.212326 26.271451 -78.5
50.211986 26.271458 -67.5
50.211995 26.271459 -67.5
50.210454 26.271459 -97.2
50.212325 26.271460 -78.7
50.212005 26.271460 -67.4
50.208350 26.271462 -81.6
50.208931 26.271462 -83.8
50.209076 26.271465 -86.1
50.208950 26.271465 -86.9
50.210443 26.271467 -100.7
50.212314 26.271467 -76.3
50.208969 26.271467 -85.9
50.209745 26.271468 -81.4
50.212333 26.271470 -75.4
50.212527 26.271470 -77.4
50.212013 26.271470 -67.4
50.208348 26.271471 -83.2
50.212022 26.271471 -68.2
50.209065 26.271472 -85.8
50.209734 26.271475 -81.2
50.212312 26.271476 -74.0
50.208968 26.271476 -83.8
50.212516 26.271477 -80.4
50.208987 26.271479 -80.4
50.208996 26.271480 -78.7
50.209064 26.271480 -85.6
50.209006 26.271481 -77.3
50.209015 26.271482 -76.6
50.210440 26.271484 -101.7
50.212311 26.271484 -73.4
50.212330 26.271487 -73.8
50.212524 26.271487 -77.9
50.210439 26.271492 -101.1
50.209731 26.271492 -80.0
50.209023 26.271492 -76.7
50.212310 26.271493 -75.4
50.209033 26.271494 -77.5
50.212319 26.271494 -71.4
50.212513 26.271494 -80.4
50.209042 26.271495 -80.5
50.209052 26.271496 -83.0
50.208344 26.271496 -82.4
50.209061 26.271497 -84.5
50.212299 26.271500 -72.7
50.209730 26.271501 -80.5
50.212308 26.271501 -74.9
50.212512 26.271503 -74.6
50.209050 26.271505 -83.3
50.209060 26.271506 -86.1
50.209079 26.271509 -85.2
50.212307 26.271510 -72.1
50.212501 26.271510 -80.1
50.212316 26.271511 -70.0
50.208332 26.271512 -82.0
50.209049 26.271513 -84.0
50.210425 26.271517 -100.0
50.212296 26.271517 -71.0
50.209727 26.271518 -81.4
50.209087 26.271518 -85.4
50.212315 26.271520 -67.5
50.212509 26.271520 -80.3
50.209106 26.271521 -81.8
50.209047 26.271522 -81.7
50.209115 26.271522 -81.5
50.209125 26.271524 -83.4
50.210414 26.271524 -100.7
50.209134 26.271525 -85.8
50.212294 26.271526 -70.1
50.209144 26.271526 -85.0
50.212498 26.271527 -77.6
50.209153 26.271527 -84.2
50.208319 26.271528 -80.9
50.209163 26.271529 -85.3
50.209172 26.271530 -84.5
50.209714 26.271534 -81.8
50.212293 26.271534 -68.3
50.212496 26.271536 -78.5
50.209035 26.271538 -79.1
50.209180 26.271540 -83.8
50.210411 26.271541 -100.1
50.209190 26.271541 -82.1
50.209713 26.271542 -80.9
50.209199 26.271542 -81.3
50.212292 26.271543 -69.0
50.212495 26.271544 -77.3
50.208316 26.271545 -79.5
50.209218 26.271545 -80.6
50.212281 26.271550 -69.7
50.212493 26.271553 -77.2
50.208315 26.271553 -79.2
50.209032 26.271555 -82.7
50.209226 26.271555 -82.8
50.209236 26.271556 -81.3
50.210399 26.271557 -96.0
50.212279 26.271559 -70.1
50.209710 26.271559 -78.0
50.212492 26.271561 -77.5
50.210397 26.271565 -95.1
50.209244 26.271566 -81.9
50.209253 26.271567 -83.0
50.212278 26.271567 -72.1
50.209709 26.271568 -78.1
50.208303 26.271569 -79.7
50.212491 26.271570 -72.3
50.209020 26.271570 -85.2
50.212267 26.271575 -74.5
50.209698 26.271575 -78.8
50.212276 26.271576 -75.6
50.209261 26.271577 -84.5
50.209271 26.271578 -82.9
50.212489 26.271579 -73.7
50.209018 26.271579 -82.7
50.209290 26.271581 -82.8
50.210385 26.271581 -95.1
50.209299 26.271582 -84.7
50.212265 26.271583 -76.8
50.212478 26.271586 -68.6
50.208300 26.271586 -79.2
50.209017 26.271588 -82.5
50.209307 26.271592 -83.8
50.209695 26.271592 -78.1
50.209317 26.271593 -84.3
50.212477 26.271594 -73.1
50.209326 26.271595 -84.6
50.208298 26.271595 -77.9
50.209345 26.271597 -85.0
50.210382 26.271598 -90.9
50.209355 26.271598 -85.2
50.209693 26.271601 -77.5
50.212475 26.271603 -71.7
50.209014 26.271605 -83.3
50.210381 26.271607 -92.5
50.209683 26.271608 -77.4
50.209363 26.271608 -82.8
50.208286 26.271611 -77.5
50.209382 26.271611 -82.3
50.212474 26.271611 -72.2
50.209681 26.271617 -78.9
50.212463 26.271619 -75.7
50.209390 26.271621 -81.8
50.209011 26.271622 -82.8
50.209399 26.271622 -80.6
50.210368 26.271623 -93.9
50.209418 26.271625 -78.7
50.209680 26.271625 -79.5
50.208274 26.271626 -78.3
50.212462 26.271627 -78.1
50.209000 26.271629 -87.1
50.210376 26.271632 -96.1
50.209426 26.271634 -80.0
50.208272 26.271635 -78.0
50.209436 26.271636 -80.6
50.209455 26.271638 -81.5
50.209677 26.271642 -81.1
50.212459 26.271644 -79.8
50.208998 26.271646 -87.2
50.210364 26.271648 -99.6
50.209472 26.271649 -80.2
50.209482 26.271651 -80.5
50.209675 26.271651 -79.8
50.208269 26.271652 -76.9
50.212457 26.271653 -82.5
50.208996 26.271655 -94.9
50.210363 26.271657 -99.1
50.209664 26.271658 -81.5
50.212446 26.271660 -84.8
50.209490 26.271661 -82.2
50.212456 26.271661 -84.9
50.209499 26.271662 -80.8
50.209518 26.271664 -79.9
50.210361 26.271665 -98.2
50.209527 26.271666 -81.7
50.209537 26.271667 -79.2
50.208267 26.271669 -77.6
50.208993 26.271672 -94.2
50.209662 26.271675 -80.8
50.209545 26.271677 -79.6
50.212444 26.271677 -83.8
50.209554 26.271678 -81.8
50.212453 26.271678 -82.5
50.208982 26.271679 -95.3
50.209564 26.271679 -82.0
50.209573 26.271681 -82.0
50.210349 26.271681 -98.8
50.209660 26.271684 -81.7
50.208254 26.271685 -76.3
50.212452 26.271687 -85.9
50.208981 26.271688 -97.2
50.210348 26.271690 -98.5
50.209649 26.271691 -81.8
50.209591 26.271692 -83.1
50.212431 26.271693 -82.2
50.209600 26.271693 -83.0
50.212441 26.271694 -86.1
50.209610 26.271694 -83.1
50.208251 26.271702 -76.0
50.209618 26.271704 -83.8
50.208978 26.271705 -96.2
50.210335 26.271705 -92.6
50.209627 26.271705 -81.9
50.210345 26.271707 -94.1
50.209637 26.271707 -82.6
50.209646 26.271708 -83.8
50.212428 26.271710 -87.7
50.208977 26.271713 -96.4
50.209645 26.271717 -84.2
50.209654 26.271718 -82.8
50.208239 26.271718 -76.3
50.212427 26.271719 -86.1
50.209664 26.271719 -81.2
50.208975 26.271722 -97.3
50.210332 26.271723 -92.3
50.209634 26.271724 -85.2
50.209672 26.271729 -83.6
50.209681 26.271730 -85.0
50.209691 26.271732 -81.2
50.209700 26.271733 -81.2
50.209710 26.271734 -77.8
50.208236 26.271735 -76.6
50.209719 26.271735 -75.3
50.209729 26.271737 -75.2
50.208963 26.271738 -98.0
50.209738 26.271738 -73.6
50.210329 26.271740 -93.9
50.209631 26.271741 -87.1
50.208235 26.271744 -74.9
50.208961 26.271746 -96.6
50.209746 26.271748 -72.3
50.210328 26.271748 -92.9
50.209756 26.271749 -71.0
50.209765 26.271750 -70.9
50.209775 26.271752 -68.2
50.209628 26.271758 -86.6
50.209783 26.271762 -67.6
50.209792 26.271763 -65.4
50.208959 26.271763 -97.1
50.210316 26.271764 -90.9
50.209802 26.271764 -64.2
50.209811 26.271765 -64.0
50.209627 26.271767 -85.2
50.208221 26.271768 -75.6
50.210314 26.271773 -90.1
50.209616 26.271774 -86.9
50.209819 26.271775 -64.9
50.208220 26.271776 -78.4
50.209829 26.271777 -65.8
50.209838 26.271778 -65.2
50.209848 26.271779 -67.1
50.208956 26.271780 -96.8
50.209867 26.271782 -66.0
50.209615 26.271782 -85.7
50.209856 26.271789 -68.3
50.210311 26.271790 -90.8
50.209613 26.271791 -86.6
50.209875 26.271792 -62.9
50.208207 26.271792 -79.9
50.209884 26.271793 -62.5
50.209894 26.271794 -63.6
50.208943 26.271796 -96.9
50.209913 26.271797 -70.0
50.210301 26.271797 -90.7
50.209602 26.271798 -85.7
50.208942 26.271805 -94.7
50.210299 26.271805 -87.8
50.209601 26.271807 -86.8
50.209930 26.271808 -78.4
50.208204 26.271809 -79.9
50.209949 26.271810 -81.4
50.209968 26.271813 -83.8
50.210298 26.271814 -89.4
50.209599 26.271815 -86.7
50.208194 26.271817 -80.6
50.208930 26.271820 -94.8
50.209967 26.271821 -83.0
50.210296 26.271823 -88.8
50.209995 26.271825 -82.5
50.208919 26.271828 -96.1
50.210295 26.271831 -85.6
50.209587 26.271831 -90.1
50.208191 26.271834 -77.9
50.210013 26.271836 -83.6
50.210022 26.271838 -85.0
50.210293 26.271840 -86.1
50.208189 26.271842 -77.8
50.208916 26.271845 -96.8
50.206870 26.271847 -102.3
50.210282 26.271847 -87.4
50.209575 26.271847 -92.5
50.210040 26.271849 -86.8
50.210059 26.271851 -87.4
50.210068 26.271853 -86.4
50.208914 26.271853 -96.3
50.210281 26.271855 -84.7
50.209573 26.271855 -92.3
50.208913 26.271862 -95.7
50.210076 26.271863 -86.5
50.210086 26.271864 -86.3
50.210280 26.271864 -81.9
50.209572 26.271864 -92.3
50.210095 26.271865 -84.5
50.208175 26.271867 -76.0
50.210278 26.271873 -81.1
50.212750 26.271876 -80.3
50.210113 26.271876 -85.9
50.208901 26.271878 -95.0
50.210132 26.271879 -85.0
50.209560 26.271880 -93.9
50.210141 26.271880 -84.7
50.210277 26.271881 -83.4
50.208173 26.271884 -76.5
50.208899 26.271886 -94.5
50.212767 26.271887 -80.8
50.210266 26.271888 -85.5
50.209558 26.271888 -92.0
50.212777 26.271889 -88.0
50.209568 26.271890 -94.0
50.210149 26.271890 -81.8
50.212796 26.271891 -89.6
50.210159 26.271891 -81.3
50.208171 26.271892 -79.7
50.212805 26.271892 -91.2
50.210168 26.271893 -81.2
50.208898 26.271895 -92.5
50.210187 26.271895 -81.5
50.210264 26.271897 -82.7
50.210274 26.271898 -84.2
50.208887 26.271902 -94.2
50.212813 26.271902 -88.4
50.210195 26.271905 -83.5
50.210263 26.271905 -79.3
50.209555 26.271905 -91.5
50.210214 26.271908 -82.7
50.208159 26.271908 -82.2
50.210233 26.271910 -83.1
50.208885 26.271911 -94.3
50.210262 26.271914 -82.1
50.209554 26.271914 -93.5
50.208157 26.271917 -81.9
50.210241 26.271920 -83.5
50.210251 26.271921 -84.0
50.208873 26.271926 -93.4
50.210249 26.271930 -80.9
50.209542 26.271930 -94.0
50.210259 26.271931 -88.5
50.210268 26.271932 -86.3
50.208145 26.271932 -80.2
50.208881 26.271936 -92.0
50.210248 26.271938 -83.0
50.209540 26.271938 -95.3
50.210276 26.271942 -85.6
50.208153 26.271942 -81.3
50.210286 26.271943 -87.8
50.208870 26.271943 -89.8
50.210295 26.271945 -87.8
50.210237 26.271946 -87.1
50.209529 26.271946 -98.0
50.210305 26.271946 -86.9
50.210246 26.271947 -83.9
50.210235 26.271954 -84.7
50.210313 26.271956 -87.8
50.208141 26.271958 -80.3
50.210332 26.271958 -89.2
50.208858 26.271959 -96.1
50.210341 26.271960 -88.9
50.210351 26.271961 -89.9
50.210234 26.271963 -82.2
50.209526 26.271963 -98.1
50.209515 26.271970 -99.1
50.210359 26.271971 -90.2
50.210233 26.271971 -86.2
50.210368 26.271972 -90.4
50.210378 26.271973 -89.5
50.207236 26.271975 -100.2
50.210397 26.271976 -89.0
50.207246 26.271976 -99.5
50.210222 26.271978 -90.1
50.207459 26.271979 -84.2
50.208137 26.271984 -81.1
50.210405 26.271986 -91.3
50.209513 26.271987 -98.8
50.210414 26.271987 -90.8
50.207263 26.271987 -100.9
50.210433 26.271990 -89.8
50.207446 26.271995 -85.8
50.210219 26.271996 -90.0
50.209511 26.271996 -98.3
50.210441 26.272000 -89.8
50.210451 26.272001 -89.7
50.209500 26.272003 -99.3
50.207445 26.272003 -86.9
50.210470 26.272003 -91.5
50.210217 26.272004 -91.3
50.208123 26.272008 -79.1
50.207443 26.272012 -86.6
50.210216 26.272013 -93.4
50.210487 26.272015 -89.1
50.210497 26.272016 -89.3
50.210506 26.272017 -90.1
50.210516 26.272018 -90.5
50.210205 26.272020 -94.1
50.209497 26.272020 -98.3
50.207442 26.272020 -87.2
50.208120 26.272025 -82.8
50.210524 26.272028 -89.5
50.210533 26.272030 -89.5
50.210543 26.272031 -86.2
50.210552 26.272032 -83.0
50.210562 26.272033 -85.3
50.207411 26.272034 -86.1
50.208118 26.272034 -82.9
50.207420 26.272035 -91.1
50.210202 26.272037 -93.5
50.209495 26.272037 -96.7
50.207439 26.272037 -88.2
50.210579 26.272044 -81.2
50.207428 26.272045 -89.9
50.210201 26.272046 -92.0
50.210589 26.272046 -77.2
50.207438 26.272046 -93.9
50.210598 26.272047 -77.1
50.210607 26.272048 -80.0
50.208106 26.272049 -82.3
50.207427 26.272053 -89.2
50.210199 26.272054 -87.7
50.209492 26.272054 -94.1
50.208095 26.272057 -80.7
50.210606 26.272057 -82.8
50.210625 26.272059 -87.2
50.210634 26.272061 -90.8
50.207425 26.272062 -89.5
50.207415 26.272069 -91.1
50.210187 26.272070 -87.9
50.209479 26.272070 -94.7
50.207424 26.272070 -89.8
50.210643 26.272071 -91.5
50.210652 26.272072 -90.6
50.210661 26.272073 -91.8
50.208092 26.272074 -79.4
50.210671 26.272074 -93.9
50.210680 26.272076 -91.9
50.210690 26.272077 -90.9
50.207413 26.272078 -91.1
50.210186 26.272078 -93.8
50.209478 26.272078 -95.8
50.210689 26.272086 -92.7
50.207412 26.272086 -89.3
50.210698 26.272087 -89.9
50.208080 26.272090 -76.6
50.207410 26.272095 -89.3
50.210183 26.272096 -97.0
50.209475 26.272096 -99.3
50.208079 26.272098 -74.5
50.207409 26.272103 -88.8
50.207398 26.272111 -89.2
50.210170 26.272111 -96.0
50.208076 26.272115 -75.6
50.207396 26.272119 -88.3
50.209461 26.272120 -99.2
50.208065 26.272122 -76.5
50.210158 26.272127 -99.3
50.209460 26.272128 -99.0
50.208054 26.272130 -77.0
50.207394 26.272136 -88.3
50.208052 26.272138 -80.7
50.209457 26.272146 -99.9
50.207381 26.272152 -89.0
50.209446 26.272153 -98.6
50.208050 26.272155 -81.4
50.207380 26.272161 -89.5
50.207378 26.272169 -89.5
50.209443 26.272170 -98.7
50.208037 26.272171 -82.0
50.208047 26.272172 -79.0
50.207823 26.272177 -90.0
50.207366 26.272185 -88.5
50.207831 26.272187 -89.4
50.209440 26.272187 -98.1
50.207841 26.272188 -89.5
50.208034 26.272188 -80.5
50.207860 26.272191 -91.5
50.207869 26.272192 -90.0
50.207878 26.272193 -88.1
50.207365 26.272193 -88.3
50.209429 26.272194 -96.6
50.208033 26.272197 -84.3
50.207363 26.272202 -88.5
50.207896 26.272204 -84.1
50.207915 26.272207 -84.0
50.207924 26.272208 -83.5
50.207352 26.272209 -88.2
50.207934 26.272210 -84.1
50.209427 26.272211 -96.2
50.208030 26.272214 -82.8
50.207351 26.272218 -87.9
50.207942 26.272219 -84.8
50.209425 26.272220 -98.1
50.207951 26.272221 -85.2
50.208029 26.272222 -84.0
50.207970 26.272223 -87.9
50.209424 26.272228 -98.6
50.208027 26.272231 -81.4
50.207978 26.272233 -88.3
50.207339 26.272234 -88.0
50.207988 26.272234 -87.4
50.207348 26.272235 -88.7
50.207997 26.272236 -88.8
50.208007 26.272237 -88.1
50.208016 26.272238 -82.8
50.209411 26.272244 -101.5
50.210778 26.272246 -96.2
50.208015 26.272247 -83.0
50.208024 26.272248 -88.0
50.208034 26.272249 -89.0
50.207336 26.272251 -87.3
50.208043 26.272251 -88.4
50.208053 26.272252 -88.0
50.209410 26.272253 -99.8
50.210777 26.272255 -97.4
50.207334 26.272259 -88.4
50.208061 26.272262 -87.8
50.208070 26.272263 -89.4
50.210775 26.272263 -97.0
50.208012 26.272264 -81.0
50.208080 26.272264 -89.8
50.208089 26.272266 -91.0
50.207323 26.272266 -89.3
50.208099 26.272267 -89.9
50.209407 26.272270 -101.2
50.208001 26.272271 -82.3
50.210774 26.272272 -95.7
50.208116 26.272278 -89.6
50.209406 26.272278 -103.2
50.210763 26.272279 -93.7
50.208126 26.272279 -87.8
50.208000 26.272280 -84.3
50.208135 26.272281 -86.6
50.207321 26.272284 -89.4
50.207989 26.272287 -84.6
50.209404 26.272287 -103.1
50.210761 26.272288 -92.8
50.208153 26.272292 -88.6
50.207319 26.272292 -89.4
50.208162 26.272293 -87.7
50.207987 26.272296 -82.2
50.210760 26.272296 -91.5
50.207308 26.272299 -89.5
50.209392 26.272303 -104.5
50.207986 26.272304 -81.7
50.208180 26.272304 -90.2
50.208199 26.272307 -93.6
50.207307 26.272308 -89.0
50.207985 26.272313 -80.6
50.208216 26.272318 -92.4
50.208226 26.272319 -93.5
50.207974 26.272320 -82.5
50.208245 26.272322 -96.5
50.207304 26.272325 -89.0
50.207972 26.272328 -83.4
50.207302 26.272334 -88.8
50.207969 26.272345 -82.7
50.207290 26.272349 -89.0
50.207958 26.272353 -84.5
50.207957 26.272361 -84.7
50.207278 26.272365 -90.0
50.207956 26.272370 -83.7
50.207275 26.272382 -90.8
50.207953 26.272387 -82.2
50.208670 26.272388 -96.8
50.208679 26.272390 -96.6
50.208678 26.272398 -95.8
50.207272 26.272399 -90.8
50.207940 26.272403 -80.0
50.207261 26.272407 -90.8
50.208677 26.272407 -95.6
50.208675 26.272415 -95.4
50.207938 26.272420 -80.8
50.207258 26.272424 -91.9
50.208674 26.272424 -97.8
50.207927 26.272427 -82.3
50.207247 26.272431 -92.3
50.208672 26.272432 -95.4
50.208682 26.272434 -94.8
50.207246 26.272439 -91.3
50.208680 26.272442 -95.9
50.207924 26.272444 -83.8
50.208679 26.272451 -97.0
50.208688 26.272452 -97.6
50.207922 26.272453 -84.5
50.208687 26.272460 -96.0
50.208696 26.272462 -94.2
50.207232 26.272464 -90.5
50.207920 26.272470 -82.5
50.208695 26.272470 -94.1
50.207231 26.272472 -90.0
50.208694 26.272479 -94.3
50.207220 26.272480 -90.1
50.208703 26.272480 -93.9
50.207907 26.272486 -80.1
50.208702 26.272489 -93.3
50.208711 26.272490 -93.9
50.208721 26.272491 -94.3
50.207906 26.272494 -77.0
50.207217 26.272497 -90.7
50.208729 26.272501 -92.6
50.207895 26.272501 -77.9
50.208738 26.272502 -89.9
50.208737 26.272511 -89.7
50.208746 26.272512 -91.4
50.208756 26.272513 -88.0
50.208765 26.272515 -86.5
50.207892 26.272519 -78.4
50.208773 26.272525 -89.3
50.208783 26.272526 -90.2
50.207891 26.272527 -80.3
50.208792 26.272527 -93.2
50.208802 26.272528 -93.4
50.208811 26.272530 -92.9
50.208821 26.272531 -90.9
50.208840 26.272534 -95.1
50.207878 26.272543 -80.8
50.207877 26.272551 -86.3
50.207863 26.272576 -87.3
50.207862 26.272584 -85.2
50.207859 26.272601 -84.5
50.207845 26.272626 -86.0
50.207844 26.272634 -82.4
50.207841 26.272651 -82.6
50.207827 26.272676 -83.0
50.207826 26.272684 -87.3
50.207812 26.272709 -86.8
50.207810 26.272717 -86.9
50.207798 26.272733 -86.4
50.207797 26.272742 -87.2
50.207792 26.272767 -87.5
50.207780 26.272783 -87.3
50.207778 26.272792 -86.6
50.207776 26.272809 -85.6
50.207765 26.272816 -85.1
50.207762 26.272833 -85.2
50.207748 26.272857 -85.3
50.207747 26.272866 -85.9
50.207744 26.272883 -85.2
50.207740 26.272909 -84.3
50.207729 26.272916 -83.0
50.207726 26.272933 -84.4
50.207724 26.272941 -85.4
50.207720 26.272967 -85.6
50.207719 26.272976 -86.3
50.207705 26.273000 -86.9
50.207691 26.273024 -88.4
50.207690 26.273033 -88.5
50.207685 26.273059 -88.7
50.207673 26.273074 -88.9
50.207672 26.273083 -87.8
50.207659 26.273099 -89.2
50.207658 26.273107 -89.4
50.207646 26.273123 -90.1
50.207632 26.273147 -90.8
50.207630 26.273156 -90.2
50.207618 26.273172 -90.2
50.207615 26.273189 -92.0
50.207603 26.273205 -90.8
50.207601 26.273213 -90.5
50.207588 26.273238 -90.3
50.207586 26.273246 -92.2
50.207583 26.273263 -91.6
50.207571 26.273279 -89.8
50.207570 26.273288 -90.4
50.207557 26.273303 -89.1
50.207556 26.273312 -90.4
50.207553 26.273329 -91.0
50.207542 26.273336 -89.4
50.207539 26.273353 -91.4
50.207527 26.273369 -92.1
50.207525 26.273378 -91.7
50.207523 26.273395 -91.6
50.207521 26.273403 -91.9
50.207507 26.273428 -94.5
50.207503 26.273453 -96.1
50.207492 26.273461 -95.8
50.207488 26.273486 -94.4
50.207477 26.273493 -92.4
50.207473 26.273519 -87.2
50.207460 26.273535 -88.0
50.207430 26.273601 -92.6
50.207416 26.273625 -95.1
50.207415 26.273634 -95.5
50.207412 26.273651 -94.6
50.207401 26.273658 -95.7
50.207398 26.273675 -94.0
50.207394 26.273701 -94.4
50.207383 26.273708 -94.1
50.207380 26.273725 -92.4
50.207379 26.273734 -94.0
50.207365 26.273758 -95.5
50.207353 26.273774 -97.4
50.207351 26.273782 -98.0
50.207347 26.273808 -98.9
50.207336 26.273815 -96.5
50.207333 26.273832 -96.9
50.207322 26.273840 -95.0
50.207319 26.273857 -96.4
50.207307 26.273872 -95.8
50.207306 26.273881 -98.5
50.207303 26.273898 -98.1
50.207290 26.273914 -97.8
50.207289 26.273922 -96.1
50.207287 26.273931 -95.7
50.207286 26.273940 -95.8
50.207274 26.273955 -95.5
50.207272 26.273964 -94.7
50.207271 26.273972 -94.7
