50.200024 26.266406 -114.3
50.200012 26.266422 -116.8
50.200000 26.266438 -115.3
50.199998 26.266447 -119.4
50.199824 26.266851 -104.2
50.199812 26.266867 -102.3
50.199821 26.266868 -93.5
50.199809 26.266884 -101.8
50.199807 26.266893 -102.8
50.199795 26.266908 -103.8
50.199793 26.266917 -105.2
50.199792 26.266926 -104.1
50.199791 26.266934 -102.2
50.199789 26.266943 -100.1
50.199788 26.266951 -100.1
50.199777 26.266958 -99.3
50.199775 26.266967 -98.2
50.199765 26.266974 -97.5
50.199763 26.266983 -98.3
50.199771 26.266993 -98.7
50.199760 26.267000 -96.1
50.199759 26.267008 -97.1
50.199757 26.267017 -87.5
50.199756 26.267026 -86.0
50.199755 26.267034 -82.4
50.199753 26.267043 -78.1
50.199752 26.267051 -80.1
50.199761 26.267052 -84.6
50.199760 26.267061 -86.0
50.199768 26.267071 -86.2
50.199766 26.267079 -86.1
50.199776 26.267081 -83.7
50.199774 26.267089 -84.1
50.199782 26.267099 -89.4
50.199792 26.267100 -87.2
50.199790 26.267109 -85.0
50.199800 26.267110 -86.2
50.199809 26.267111 -84.9
50.199819 26.267113 -86.3
50.199828 26.267114 -84.6
50.199836 26.267124 -83.3
50.199846 26.267125 -86.2
50.199855 26.267126 -87.3
50.199854 26.267135 -87.0
50.199873 26.267138 -86.6
50.199881 26.267147 -86.5
50.199890 26.267149 -88.4
50.199909 26.267151 -87.5
50.199919 26.267153 -83.7
50.199928 26.267154 -82.1
50.199947 26.267156 -83.2
50.199946 26.267165 -83.5
50.199965 26.267168 -81.5
50.199973 26.267177 -80.0
50.199982 26.267179 -79.8
50.205972 26.267188 -104.2
50.200000 26.267190 -79.9
50.200019 26.267192 -79.2
50.200028 26.267194 -80.6
50.200047 26.267196 -81.2
50.200066 26.267199 -81.6
50.205959 26.267204 -107.6
50.200084 26.267210 -82.1
50.200103 26.267212 -81.6
50.200120 26.267224 -81.5
50.200130 26.267225 -82.1
50.200139 26.267226 -83.5
50.205945 26.267229 -105.7
50.205955 26.267230 -107.2
50.200147 26.267236 -84.6
50.200166 26.267239 -84.3
50.200195 26.267242 -84.9
50.205943 26.267246 -106.0
50.200203 26.267252 -84.9
50.200222 26.267255 -84.3
50.200241 26.267257 -84.3
50.200258 26.267269 -84.3
50.200277 26.267271 -82.8
50.200287 26.267272 -82.4
50.200314 26.267285 -84.0
50.200323 26.267286 -85.3
50.200341 26.267297 -87.0
50.200369 26.267301 -90.3
50.200377 26.267311 -91.8
50.200396 26.267314 -92.4
50.200406 26.267315 -93.8
50.200423 26.267326 -93.5
50.200452 26.267330 -94.3
50.200460 26.267340 -93.5
50.200479 26.267342 -91.0
50.200506 26.267355 -87.2
50.200514 26.267364 -86.0
50.200541 26.267377 -86.2
50.200560 26.267379 -86.7
50.200587 26.267392 -86.8
50.200604 26.267403 -88.0
50.200623 26.267406 -88.7
50.200642 26.267408 -88.8
50.200660 26.267419 -85.7
50.200669 26.267421 -84.5
50.200696 26.267433 -83.4
50.200715 26.267436 -83.2
50.200732 26.267447 -84.5
50.200751 26.267449 -86.5
50.200778 26.267462 -88.5
50.200786 26.267471 -88.1
50.200815 26.267475 -88.8
50.200823 26.267485 -88.0
50.200851 26.267489 -88.2
50.200878 26.267501 -86.9
50.200888 26.267503 -86.8
50.200905 26.267514 -87.1
50.200934 26.267518 -88.3
50.200942 26.267528 -90.5
50.200970 26.267531 -92.2
50.200978 26.267541 -91.4
50.200997 26.267544 -91.5
50.201026 26.267548 -90.0
50.201034 26.267558 -88.4
50.201053 26.267560 -89.8
50.201062 26.267561 -88.5
50.201089 26.267574 -87.6
50.201099 26.267575 -89.5
50.201126 26.267587 -90.6
50.201154 26.267591 -90.3
50.201162 26.267601 -89.8
50.201191 26.267605 -89.3
50.201208 26.267616 -90.4
50.201227 26.267619 -90.6
50.201245 26.267630 -90.5
50.201264 26.267632 -91.9
50.201281 26.267644 -91.1
50.201300 26.267646 -89.3
50.201319 26.267649 -88.8
50.201337 26.267660 -88.4
50.201356 26.267662 -86.0
50.201373 26.267674 -87.0
50.201391 26.267685 -87.7
50.201400 26.267686 -90.1
50.201419 26.267689 -89.0
50.201437 26.267700 -89.0
50.201456 26.267702 -90.3
50.201465 26.267704 -91.3
50.201483 26.267715 -91.1
50.201500 26.267726 -91.9
50.201519 26.267728 -92.1
50.201538 26.267731 -89.2
50.208594 26.267737 -99.8
50.201565 26.267743 -85.5
50.208593 26.267745 -100.3
50.201593 26.267747 -84.2
50.201603 26.267748 -84.2
50.201630 26.267761 -84.9
50.208580 26.267761 -97.7
50.201639 26.267762 -86.2
50.201657 26.267773 -86.0
50.201676 26.267776 -85.7
50.208576 26.267787 -98.8
50.201693 26.267787 -85.3
50.201712 26.267790 -85.2
50.201731 26.267792 -85.0
50.208565 26.267794 -99.2
50.201739 26.267802 -83.2
50.201768 26.267806 -81.2
50.201787 26.267808 -80.5
50.208562 26.267811 -98.5
50.201804 26.267820 -83.6
50.201823 26.267822 -85.1
50.201842 26.267825 -91.5
50.201852 26.267826 -89.7
50.208560 26.267828 -97.0
50.201869 26.267837 -86.2
50.201879 26.267838 -86.7
50.201898 26.267841 -86.8
50.201917 26.267844 -88.0
50.208547 26.267844 -96.0
50.201926 26.267845 -86.9
50.201944 26.267856 -89.6
50.201963 26.267859 -89.4
50.201982 26.267861 -87.4
50.208533 26.267869 -97.0
50.201999 26.267872 -83.8
50.202018 26.267875 -82.7
50.208532 26.267877 -95.6
50.202037 26.267877 -85.5
50.202055 26.267888 -88.0
50.202073 26.267891 -85.8
50.202083 26.267892 -83.5
50.208528 26.267903 -96.2
50.202100 26.267903 -81.9
50.202119 26.267906 -82.3
50.202129 26.267907 -83.8
50.208515 26.267919 -96.0
50.202156 26.267920 -83.9
50.202165 26.267921 -82.2
50.202183 26.267932 -81.5
50.202200 26.267943 -80.0
50.208511 26.267944 -94.4
50.202219 26.267946 -80.1
50.202238 26.267948 -80.9
50.202246 26.267958 -81.6
50.202265 26.267961 -80.1
50.202284 26.267963 -79.7
50.208507 26.267970 -103.0
50.202292 26.267973 -78.9
50.202311 26.267976 -79.4
50.202321 26.267977 -80.0
50.208494 26.267986 -97.3
50.202338 26.267988 -82.1
50.202367 26.267992 -84.1
50.202365 26.268001 -85.5
50.202384 26.268003 -83.7
50.202394 26.268005 -82.5
50.208481 26.268010 -97.4
50.202411 26.268016 -83.0
50.202440 26.268020 -79.7
50.202449 26.268021 -76.5
50.202467 26.268032 -75.0
50.202476 26.268033 -74.3
50.202505 26.268037 -75.8
50.202513 26.268047 -77.8
50.202532 26.268049 -78.3
50.208474 26.268053 -97.5
50.202559 26.268062 -77.3
50.202568 26.268063 -77.4
50.202586 26.268074 -78.6
50.202605 26.268077 -80.8
50.208460 26.268077 -99.5
50.202613 26.268087 -80.3
50.202632 26.268089 -79.4
50.202641 26.268091 -79.7
50.208447 26.268093 -99.4
50.208446 26.268101 -99.0
50.202659 26.268102 -79.3
50.202678 26.268104 -80.1
50.202695 26.268115 -80.8
50.202705 26.268117 -79.5
50.208423 26.268124 -100.4
50.202722 26.268128 -79.0
50.202732 26.268129 -78.9
50.208421 26.268133 -102.4
50.202759 26.268141 -79.6
50.202778 26.268144 -79.6
50.202795 26.268155 -79.4
50.202805 26.268156 -78.0
50.208408 26.268157 -103.0
50.202822 26.268168 -75.8
50.202832 26.268169 -76.9
50.202851 26.268171 -77.1
50.208405 26.268174 -98.2
50.202868 26.268183 -79.3
50.202878 26.268184 -78.3
50.202897 26.268186 -76.8
50.208392 26.268190 -99.1
50.202914 26.268198 -75.1
50.202933 26.268200 -74.8
50.208390 26.268207 -98.7
50.202951 26.268211 -73.7
50.202960 26.268213 -72.9
50.202979 26.268215 -72.3
50.202988 26.268216 -71.7
50.203006 26.268228 -70.8
50.208385 26.268233 -98.3
50.203024 26.268239 -71.4
50.203033 26.268240 -71.5
50.208374 26.268240 -98.9
50.203060 26.268252 -71.4
50.203069 26.268254 -72.1
50.203088 26.268256 -72.7
50.208370 26.268266 -96.9
50.203097 26.268266 -72.8
50.203115 26.268269 -74.3
50.203134 26.268271 -74.4
50.208369 26.268274 -94.2
50.203152 26.268282 -76.4
50.203171 26.268285 -77.5
50.203179 26.268295 -76.9
50.203198 26.268297 -78.1
50.208355 26.268299 -95.9
50.203206 26.268307 -79.6
50.208353 26.268307 -95.0
50.203225 26.268310 -78.8
50.203242 26.268321 -78.3
50.203271 26.268325 -78.7
50.208340 26.268332 -95.5
50.203288 26.268336 -80.2
50.203298 26.268337 -79.7
50.203315 26.268348 -79.2
50.203334 26.268351 -81.5
50.203344 26.268352 -81.1
50.208335 26.268357 -94.8
50.203361 26.268363 -81.5
50.208325 26.268365 -92.9
50.203380 26.268366 -80.3
50.203398 26.268377 -78.0
50.203407 26.268378 -76.9
50.203417 26.268380 -76.4
50.208320 26.268390 -94.5
50.203434 26.268391 -76.1
50.203444 26.268392 -76.1
50.203463 26.268394 -76.2
50.203480 26.268406 -74.9
50.208308 26.268406 -94.7
50.203499 26.268408 -74.4
50.203509 26.268409 -73.8
50.208306 26.268415 -96.8
50.203526 26.268421 -73.8
50.203536 26.268422 -73.7
50.203553 26.268433 -73.3
50.208293 26.268439 -94.2
50.203571 26.268444 -74.3
50.203590 26.268447 -73.5
50.208291 26.268447 -91.2
50.203607 26.268458 -73.6
50.203617 26.268459 -74.6
50.203636 26.268462 -75.1
50.208279 26.268463 -92.1
50.203655 26.268464 -75.5
50.203664 26.268466 -76.1
50.203683 26.268468 -77.6
50.203701 26.268479 -79.2
50.203720 26.268482 -78.6
50.203729 26.268483 -76.3
50.206792 26.268488 -97.1
50.208275 26.268489 -94.7
50.203747 26.268494 -74.6
50.203766 26.268497 -73.5
50.208273 26.268497 -93.5
50.206779 26.268504 -95.6
50.203783 26.268508 -74.4
50.203793 26.268509 -74.5
50.203812 26.268512 -73.8
50.206778 26.268513 -97.0
50.208261 26.268513 -93.8
50.203810 26.268520 -74.4
50.206776 26.268521 -98.0
50.208259 26.268522 -93.1
50.203839 26.268524 -75.3
50.203847 26.268534 -76.0
50.203856 26.268535 -75.1
50.206764 26.268537 -98.6
50.203875 26.268538 -75.7
50.203874 26.268546 -76.1
50.208255 26.268547 -92.7
50.203893 26.268549 -76.5
50.203912 26.268552 -75.4
50.206761 26.268554 -98.6
50.203910 26.268560 -72.9
50.206750 26.268561 -98.0
50.203929 26.268563 -72.6
50.208243 26.268563 -93.1
50.203939 26.268564 -74.6
50.203957 26.268567 -72.1
50.203967 26.268568 -72.2
50.203986 26.268570 -73.5
50.203975 26.268578 -72.3
50.206747 26.268579 -99.2
50.203994 26.268580 -73.6
50.208240 26.268580 -93.5
50.204013 26.268583 -73.6
50.204030 26.268594 -73.8
50.204040 26.268595 -73.9
50.206745 26.268596 -99.8
50.204049 26.268597 -73.1
50.208237 26.268597 -92.3
50.204068 26.268599 -72.5
50.206734 26.268603 -101.2
50.208226 26.268605 -93.4
50.204076 26.268609 -71.7
50.204086 26.268610 -70.5
50.206732 26.268611 -101.5
50.204095 26.268612 -70.1
50.206731 26.268620 -103.1
50.208223 26.268622 -91.5
50.204113 26.268623 -69.4
50.204122 26.268624 -69.0
50.204132 26.268625 -69.2
50.206720 26.268627 -103.1
50.204140 26.268635 -69.9
50.208211 26.268638 -90.5
50.204159 26.268638 -70.0
50.204178 26.268640 -70.6
50.208210 26.268646 -88.2
50.204195 26.268651 -70.4
50.204214 26.268654 -72.0
50.204224 26.268655 -72.8
50.208197 26.268662 -85.3
50.204241 26.268666 -73.3
50.204260 26.268669 -73.0
50.204268 26.268679 -73.8
50.208194 26.268679 -83.7
50.204287 26.268681 -73.8
50.204297 26.268683 -74.1
50.204314 26.268694 -74.7
50.208182 26.268695 -82.5
50.204333 26.268696 -76.1
50.204343 26.268698 -76.2
50.204360 26.268709 -76.8
50.208179 26.268712 -83.0
50.204592 26.268714 -83.5
50.204378 26.268720 -77.6
50.208178 26.268720 -80.3
50.204397 26.268722 -76.2
50.204591 26.268723 -76.9
50.204406 26.268724 -77.5
50.204561 26.268727 -72.2
50.204570 26.268729 -75.5
50.204580 26.268730 -74.8
50.204540 26.268733 -70.8
50.204550 26.268734 -70.0
50.204424 26.268735 -76.3
50.204559 26.268736 -69.7
50.204433 26.268736 -75.2
50.208165 26.268736 -80.1
50.208164 26.268745 -80.3
50.204441 26.268746 -74.8
50.204460 26.268749 -74.8
50.204479 26.268751 -74.1
50.208161 26.268762 -83.8
50.204497 26.268762 -76.0
50.204506 26.268764 -75.6
50.204524 26.268775 -74.2
50.204543 26.268777 -71.8
50.208149 26.268778 -84.4
50.204552 26.268778 -72.2
50.208147 26.268786 -83.7
50.207333 26.268789 -86.9
50.204570 26.268790 -72.6
50.204579 26.268791 -73.7
50.204598 26.268793 -72.8
50.207331 26.268798 -86.7
50.204606 26.268803 -73.8
50.208145 26.268803 -87.2
50.204616 26.268805 -72.9
50.207320 26.268805 -84.1
50.204635 26.268807 -71.3
50.207319 26.268814 -85.6
50.204643 26.268817 -69.8
50.204652 26.268818 -68.6
50.208132 26.268819 -89.0
50.204671 26.268821 -68.3
50.207317 26.268822 -83.6
50.208131 26.268828 -90.7
50.207316 26.268831 -84.6
50.204679 26.268831 -69.9
50.204698 26.268833 -69.0
50.204708 26.268835 -69.8
50.207315 26.268839 -83.0
50.208128 26.268845 -89.8
50.204725 26.268846 -70.5
50.204735 26.268847 -69.3
50.207313 26.268848 -83.1
50.204754 26.268850 -68.1
50.208126 26.268853 -89.0
50.207302 26.268855 -82.0
50.204762 26.268859 -68.6
50.204781 26.268862 -68.3
50.207301 26.268863 -82.7
50.204789 26.268872 -68.3
50.207299 26.268872 -81.4
50.204808 26.268874 -69.3
50.204817 26.268876 -69.5
50.208113 26.268878 -88.2
50.207298 26.268881 -81.5
50.204835 26.268887 -69.7
50.207287 26.268888 -82.2
50.204844 26.268888 -69.2
50.204854 26.268889 -70.6
50.208110 26.268895 -89.9
50.204871 26.268900 -71.0
50.204881 26.268902 -71.2
50.204900 26.268904 -68.8
50.207284 26.268905 -81.3
50.207283 26.268913 -82.9
50.204908 26.268914 -68.8
50.204917 26.268915 -67.0
50.204927 26.268917 -66.8
50.208096 26.268919 -88.7
50.207272 26.268921 -81.5
50.204944 26.268928 -68.0
50.204963 26.268930 -68.2
50.204972 26.268932 -68.1
50.204990 26.268943 -68.2
50.208082 26.268943 -89.4
50.205009 26.268945 -68.5
50.205027 26.268957 -69.7
50.205870 26.268958 -92.1
50.205036 26.268958 -70.0
50.205055 26.268960 -71.0
50.208079 26.268961 -87.6
50.205859 26.268965 -91.0
50.205868 26.268966 -91.7
50.204908 26.268967 -77.5
50.205063 26.268970 -72.0
50.205072 26.268972 -73.3
50.205091 26.268974 -73.2
50.205101 26.268975 -72.9
50.208067 26.268976 -86.3
50.204945 26.268980 -76.2
50.204954 26.268982 -75.2
50.205856 26.268982 -91.1
50.205118 26.268987 -72.2
50.205128 26.268988 -70.8
50.205855 26.268990 -89.5
50.208064 26.268993 -82.5
50.204991 26.268995 -73.0
50.205145 26.268999 -68.6
50.205155 26.269000 -66.9
50.205174 26.269003 -66.9
50.205183 26.269004 -67.3
50.205842 26.269006 -89.5
50.205852 26.269007 -90.7
50.205018 26.269008 -73.8
50.208052 26.269009 -83.7
50.205201 26.269015 -67.9
50.204949 26.269016 -79.4
50.205850 26.269016 -90.3
50.204958 26.269017 -79.1
50.205220 26.269018 -68.0
50.205035 26.269019 -73.7
50.205229 26.269019 -67.4
50.205064 26.269023 -73.5
50.205083 26.269025 -74.1
50.208049 26.269026 -84.2
50.205247 26.269030 -66.8
50.205838 26.269032 -91.1
50.205266 26.269033 -65.7
50.205275 26.269034 -66.5
50.205100 26.269037 -75.5
50.205836 26.269040 -87.8
50.208037 26.269042 -84.5
50.205293 26.269045 -67.8
50.205302 26.269046 -67.5
50.205127 26.269049 -74.7
50.205146 26.269052 -74.7
50.205834 26.269057 -88.3
50.205320 26.269058 -68.1
50.208034 26.269059 -82.8
50.205164 26.269063 -74.8
50.205183 26.269065 -75.3
50.205337 26.269069 -69.1
50.205347 26.269070 -68.8
50.205831 26.269075 -85.3
50.208031 26.269076 -84.0
50.205219 26.269079 -71.0
50.205364 26.269081 -68.6
50.205829 26.269083 -83.4
50.208020 26.269084 -84.0
50.205383 26.269084 -68.7
50.205402 26.269086 -70.8
50.205818 26.269090 -81.0
50.205256 26.269093 -69.0
50.205284 26.269096 -68.1
50.205420 26.269097 -73.2
50.205808 26.269098 -75.5
50.205817 26.269099 -78.0
50.205303 26.269099 -68.6
50.205806 26.269106 -71.6
50.205437 26.269109 -73.6
50.208016 26.269109 -85.2
50.205447 26.269110 -71.2
50.205466 26.269112 -71.3
50.205340 26.269113 -68.2
50.205795 26.269113 -68.6
50.205611 26.269115 -64.9
50.205620 26.269116 -64.5
50.205639 26.269118 -64.9
50.205784 26.269121 -72.6
50.205348 26.269123 -68.7
50.205483 26.269124 -71.3
50.205502 26.269126 -72.8
50.208013 26.269126 -83.6
50.205376 26.269126 -68.3
50.205773 26.269128 -67.3
50.205521 26.269129 -75.1
50.205783 26.269129 -68.8
50.205657 26.269130 -65.5
50.205666 26.269131 -66.8
50.205676 26.269132 -66.6
50.205685 26.269133 -65.8
50.205753 26.269134 -65.4
50.205695 26.269135 -65.6
50.205762 26.269135 -62.6
50.205772 26.269137 -64.4
50.205529 26.269138 -75.2
50.205733 26.269140 -67.8
50.205548 26.269141 -74.5
50.205742 26.269141 -67.6
50.208001 26.269142 -83.8
50.205703 26.269145 -67.6
50.205712 26.269146 -66.0
50.205722 26.269147 -65.4
50.205575 26.269153 -76.5
50.205585 26.269155 -76.1
50.205604 26.269157 -76.2
50.205623 26.269160 -77.2
50.207996 26.269168 -84.2
50.205640 26.269171 -77.4
50.207995 26.269176 -86.6
50.205658 26.269182 -78.0
50.205677 26.269185 -76.7
50.205696 26.269187 -75.1
50.205723 26.269200 -75.4
50.207981 26.269201 -87.5
50.205742 26.269202 -74.2
50.205751 26.269204 -74.6
50.207980 26.269209 -79.6
50.205769 26.269215 -76.0
50.205778 26.269216 -74.4
50.205797 26.269219 -71.8
50.205816 26.269221 -72.9
50.205824 26.269231 -73.6
50.207966 26.269234 -80.8
50.205852 26.269235 -76.0
50.205861 26.269245 -76.5
50.206452 26.269246 -80.7
50.205889 26.269249 -74.3
50.207963 26.269251 -82.8
50.205916 26.269261 -72.2
50.205925 26.269262 -73.2
50.206449 26.269263 -78.8
50.205935 26.269264 -73.0
50.206458 26.269265 -80.9
50.206447 26.269272 -77.2
50.205943 26.269273 -73.2
50.207949 26.269275 -84.4
50.205962 26.269276 -73.2
50.205981 26.269279 -72.0
50.205990 26.269280 -73.7
50.207948 26.269284 -85.4
50.206444 26.269289 -75.1
50.206008 26.269291 -76.5
50.207947 26.269292 -84.0
50.206017 26.269292 -77.6
50.206036 26.269295 -76.0
50.206443 26.269298 -74.5
50.206432 26.269305 -72.5
50.206054 26.269306 -75.4
50.206073 26.269308 -73.2
50.205772 26.269311 -71.9
50.205781 26.269313 -69.1
50.206431 26.269313 -69.1
50.205791 26.269314 -70.9
50.205800 26.269315 -67.9
50.205810 26.269316 -69.8
50.207942 26.269318 -82.6
50.205761 26.269319 -71.0
50.205829 26.269319 -64.5
50.206090 26.269320 -72.1
50.205838 26.269320 -64.5
50.205906 26.269321 -73.2
50.206100 26.269321 -71.6
50.205848 26.269322 -65.0
50.206429 26.269322 -67.1
50.205857 26.269323 -64.7
50.205867 26.269324 -64.1
50.205876 26.269325 -64.5
50.205759 26.269327 -76.2
50.206428 26.269330 -65.7
50.205933 26.269333 -72.4
50.206127 26.269333 -72.0
50.207930 26.269334 -82.1
50.206136 26.269335 -73.2
50.205758 26.269336 -78.5
50.205894 26.269337 -65.6
50.206155 26.269337 -73.6
50.205971 26.269338 -72.4
50.206426 26.269339 -70.5
50.207928 26.269342 -81.9
50.205747 26.269343 -82.7
50.205911 26.269348 -65.5
50.205979 26.269348 -72.8
50.206434 26.269349 -69.7
50.205921 26.269349 -65.0
50.205988 26.269349 -73.7
50.206192 26.269351 -72.9
50.205746 26.269351 -83.1
50.205940 26.269352 -64.9
50.206201 26.269352 -73.0
50.206017 26.269353 -72.5
50.206433 26.269357 -68.9
50.205735 26.269359 -83.9
50.205948 26.269361 -64.4
50.205957 26.269363 -64.1
50.206228 26.269365 -75.6
50.205976 26.269365 -63.9
50.206044 26.269366 -72.1
50.206238 26.269366 -76.3
50.205724 26.269366 -83.5
50.206432 26.269366 -68.2
50.207081 26.269367 -80.8
50.206441 26.269367 -72.9
50.207924 26.269368 -82.0
50.206257 26.269368 -77.1
50.205975 26.269374 -63.8
50.205722 26.269375 -86.2
50.207913 26.269375 -81.5
50.207080 26.269375 -81.9
50.206440 26.269376 -71.1
50.205994 26.269376 -63.5
50.206071 26.269378 -72.5
50.206080 26.269379 -70.4
50.206274 26.269380 -75.5
50.206284 26.269381 -74.0
50.205712 26.269382 -86.8
50.207078 26.269384 -82.7
50.206448 26.269386 -68.6
50.206011 26.269387 -63.7
50.205710 26.269390 -86.9
50.206040 26.269391 -64.2
50.206107 26.269392 -72.3
50.207910 26.269392 -81.4
50.207077 26.269392 -81.0
50.206117 26.269393 -70.9
50.206311 26.269393 -72.3
50.206320 26.269395 -72.3
50.206456 26.269395 -71.6
50.206465 26.269397 -71.1
50.206145 26.269397 -69.3
50.205709 26.269399 -88.2
50.207075 26.269401 -81.3
50.206057 26.269402 -64.8
50.206076 26.269405 -65.7
50.206464 26.269405 -68.7
50.206338 26.269406 -71.6
50.206086 26.269406 -66.6
50.206473 26.269407 -68.6
50.206347 26.269407 -71.8
50.205707 26.269407 -89.4
50.207898 26.269408 -81.8
50.207064 26.269408 -80.2
50.206172 26.269409 -68.9
50.206366 26.269410 -72.7
50.206182 26.269411 -67.2
50.205696 26.269415 -89.1
50.207897 26.269416 -81.3
50.206481 26.269416 -71.3
50.207063 26.269417 -77.0
50.206103 26.269417 -68.3
50.206491 26.269418 -72.4
50.206122 26.269420 -69.6
50.206384 26.269421 -71.4
50.206132 26.269421 -70.0
50.206199 26.269422 -67.7
50.206393 26.269422 -70.9
50.205695 26.269423 -89.1
50.206412 26.269424 -70.5
50.207061 26.269425 -77.4
50.206489 26.269426 -73.3
50.206499 26.269428 -71.2
50.206508 26.269429 -72.0
50.205684 26.269430 -89.2
50.206527 26.269431 -71.6
50.206149 26.269432 -70.1
50.206217 26.269433 -67.0
50.206430 26.269436 -72.5
50.206245 26.269437 -66.5
50.206439 26.269437 -74.0
50.206458 26.269439 -74.9
50.207883 26.269441 -77.5
50.206468 26.269441 -73.5
50.207049 26.269441 -76.5
50.206535 26.269441 -70.3
50.206157 26.269442 -70.5
50.206545 26.269443 -70.4
50.206167 26.269444 -70.5
50.206554 26.269444 -73.6
50.206176 26.269445 -69.6
50.206186 26.269446 -70.0
50.206253 26.269447 -67.3
50.205681 26.269448 -87.0
50.207881 26.269449 -75.8
50.207048 26.269450 -73.0
50.206495 26.269453 -72.1
50.206562 26.269454 -73.1
50.206504 26.269454 -72.1
50.206572 26.269455 -73.1
50.205680 26.269456 -90.0
50.206581 26.269456 -71.8
50.206523 26.269457 -72.6
50.206203 26.269457 -69.7
50.207046 26.269458 -68.2
50.206213 26.269459 -71.9
50.206280 26.269459 -66.7
50.206299 26.269462 -65.9
50.206318 26.269464 -66.0
50.207869 26.269465 -76.8
50.207035 26.269465 -68.5
50.206531 26.269467 -72.6
50.206599 26.269467 -70.7
50.206608 26.269469 -70.8
50.206550 26.269469 -72.0
50.206230 26.269470 -72.2
50.206618 26.269470 -71.2
50.206627 26.269471 -73.1
50.205667 26.269472 -92.2
50.207034 26.269474 -65.0
50.206336 26.269475 -65.1
50.206238 26.269480 -68.6
50.206635 26.269481 -73.4
50.206577 26.269482 -72.1
50.206257 26.269482 -67.2
50.207866 26.269482 -79.0
50.206645 26.269482 -72.7
50.207033 26.269483 -66.1
50.206654 26.269484 -71.1
50.206596 26.269484 -73.5
50.206664 26.269485 -70.0
50.206673 26.269486 -70.4
50.206363 26.269488 -64.7
50.206372 26.269489 -64.1
50.207865 26.269491 -75.9
50.207031 26.269491 -70.2
50.206265 26.269492 -68.2
50.206401 26.269493 -64.0
50.206275 26.269493 -67.8
50.206284 26.269495 -65.7
50.206681 26.269496 -72.7
50.206623 26.269497 -72.0
50.206691 26.269497 -72.9
50.206700 26.269499 -70.6
50.206642 26.269499 -71.2
50.207030 26.269500 -69.5
50.206710 26.269500 -68.9
50.206651 26.269501 -71.5
50.206292 26.269504 -65.7
50.206428 26.269505 -62.4
50.206302 26.269506 -67.2
50.207862 26.269508 -73.1
50.207028 26.269508 -67.9
50.206718 26.269510 -65.8
50.206727 26.269511 -65.3
50.206669 26.269512 -74.3
50.206737 26.269512 -65.5
50.206746 26.269514 -67.6
50.206300 26.269514 -68.3
50.206688 26.269514 -75.0
50.206756 26.269515 -69.1
50.206436 26.269515 -62.1
50.206310 26.269515 -69.8
50.206697 26.269516 -73.3
50.207861 26.269516 -74.5
50.207027 26.269517 -68.0
50.206464 26.269519 -63.2
50.206308 26.269524 -72.6
50.207016 26.269524 -67.3
50.206764 26.269525 -68.2
50.206773 26.269526 -65.0
50.206783 26.269527 -62.0
50.206724 26.269528 -74.4
50.206802 26.269530 -61.1
50.206482 26.269530 -63.6
50.206811 26.269531 -62.4
50.207005 26.269531 -61.6
50.206753 26.269532 -74.5
50.207014 26.269533 -62.6
50.206316 26.269534 -73.8
50.207004 26.269540 -60.2
50.207847 26.269541 -74.1
50.206819 26.269541 -61.8
50.206829 26.269542 -61.2
50.206315 26.269542 -72.9
50.206509 26.269542 -63.5
50.206770 26.269543 -74.8
50.206838 26.269544 -62.5
50.206780 26.269544 -74.0
50.206848 26.269545 -64.5
50.206528 26.269545 -63.2
50.206993 26.269547 -61.3
50.206808 26.269548 -73.4
50.206313 26.269551 -72.4
50.206856 26.269555 -69.6
50.206536 26.269555 -64.7
50.206991 26.269556 -59.7
50.206865 26.269556 -70.3
50.206875 26.269557 -68.1
50.206555 26.269557 -66.0
50.207844 26.269558 -73.8
50.206816 26.269558 -72.7
50.206303 26.269558 -73.1
50.206961 26.269560 -58.9
50.206835 26.269561 -72.1
50.206903 26.269561 -63.4
50.206971 26.269562 -57.7
50.206845 26.269562 -70.3
50.206913 26.269562 -64.2
50.206980 26.269563 -55.8
50.206922 26.269564 -64.3
50.206932 26.269565 -65.3
50.206301 26.269567 -75.3
50.206883 26.269567 -66.1
50.206950 26.269568 -61.3
50.206892 26.269568 -65.0
50.206572 26.269569 -65.2
50.206591 26.269571 -65.3
50.206862 26.269573 -67.7
50.206610 26.269574 -67.0
50.206872 26.269574 -67.5
50.206300 26.269575 -75.4
50.206881 26.269576 -66.9
50.206289 26.269583 -77.5
50.207840 26.269583 -72.6
50.206618 26.269584 -68.1
50.206298 26.269584 -72.4
50.206899 26.269587 -67.3
50.206647 26.269587 -69.1
50.206908 26.269588 -68.3
50.206918 26.269589 -69.2
50.206287 26.269591 -74.0
50.206655 26.269597 -71.7
50.207827 26.269599 -72.1
50.206286 26.269600 -72.2
50.206935 26.269600 -68.8
50.206683 26.269601 -71.1
50.206945 26.269602 -68.8
50.207816 26.269607 -71.3
50.206284 26.269608 -71.3
50.206953 26.269612 -69.6
50.206710 26.269614 -69.5
50.206972 26.269614 -69.1
50.206981 26.269615 -69.4
50.206283 26.269617 -76.0
50.207000 26.269618 -71.0
50.206718 26.269623 -66.9
50.207814 26.269624 -72.1
50.206272 26.269624 -78.3
50.206747 26.269627 -66.2
50.207008 26.269628 -70.8
50.207027 26.269630 -69.9
50.207037 26.269632 -70.2
50.206271 26.269633 -79.9
50.207046 26.269633 -69.8
50.207065 26.269636 -64.4
50.206755 26.269637 -64.2
50.207801 26.269639 -71.2
50.206269 26.269641 -82.0
50.207073 26.269645 -64.5
50.207083 26.269647 -65.4
50.207800 26.269648 -73.0
50.207092 26.269648 -66.0
50.206782 26.269650 -63.5
50.206268 26.269650 -82.5
50.206266 26.269658 -81.1
50.207110 26.269659 -66.4
50.207119 26.269660 -65.4
50.207129 26.269662 -64.4
50.206809 26.269662 -61.6
50.206818 26.269663 -60.8
50.207797 26.269665 -71.6
50.207137 26.269672 -66.4
50.207146 26.269673 -68.0
50.207796 26.269674 -73.1
50.206264 26.269675 -83.3
50.206845 26.269676 -60.4
50.206864 26.269678 -58.4
50.207794 26.269682 -74.0
50.206253 26.269683 -84.0
50.207154 26.269683 -68.1
50.207164 26.269684 -68.0
50.207173 26.269685 -68.1
50.206882 26.269689 -58.6
50.206910 26.269693 -59.0
50.207191 26.269696 -70.8
50.207791 26.269699 -73.1
50.206250 26.269700 -84.1
50.206918 26.269703 -58.9
50.207199 26.269706 -71.6
50.206239 26.269707 -86.1
50.206947 26.269707 -59.2
50.207790 26.269708 -74.8
50.207218 26.269709 -70.3
50.207227 26.269710 -69.2
50.206975 26.269711 -60.0
50.207779 26.269715 -74.9
50.207226 26.269719 -69.0
50.207235 26.269720 -69.9
50.207245 26.269721 -71.9
50.206993 26.269722 -59.9
50.207254 26.269722 -71.2
50.207002 26.269723 -60.6
50.207777 26.269724 -77.9
50.206236 26.269724 -88.2
50.207253 26.269731 -69.8
50.206225 26.269731 -88.4
50.207776 26.269732 -78.4
50.207262 26.269732 -69.1
50.207272 26.269734 -69.3
50.207020 26.269734 -62.3
50.207281 26.269735 -71.8
50.207038 26.269737 -62.8
50.206980 26.269738 -62.4
50.206990 26.269739 -60.6
50.206224 26.269740 -90.0
50.206999 26.269740 -59.7
50.207009 26.269742 -59.7
50.207018 26.269743 -61.5
50.207028 26.269744 -61.2
50.207289 26.269745 -71.7
50.206969 26.269745 -60.3
50.207037 26.269745 -61.2
50.207299 26.269746 -70.6
50.207047 26.269747 -61.6
50.207308 26.269747 -70.7
50.207056 26.269748 -63.8
50.207318 26.269749 -71.4
50.207773 26.269749 -73.4
50.207066 26.269749 -60.6
50.207075 26.269751 -62.9
50.207337 26.269751 -69.5
50.207084 26.269752 -62.3
50.206958 26.269752 -61.8
50.207094 26.269753 -61.5
50.207356 26.269754 -67.8
50.206221 26.269757 -89.6
50.207326 26.269758 -70.1
50.206947 26.269759 -62.7
50.207335 26.269760 -69.3
50.207083 26.269760 -63.2
50.207345 26.269761 -69.0
50.207093 26.269762 -62.2
50.207354 26.269762 -68.4
50.207364 26.269764 -69.2
50.207111 26.269764 -62.6
50.206219 26.269765 -90.9
50.207121 26.269766 -66.1
50.207770 26.269766 -64.2
50.206937 26.269767 -64.0
50.207362 26.269772 -69.9
50.207372 26.269773 -69.0
50.207759 26.269774 -65.8
50.206926 26.269774 -70.6
50.207381 26.269775 -74.4
50.207129 26.269775 -70.8
50.207391 26.269776 -75.4
50.207138 26.269777 -60.0
50.207400 26.269777 -74.0
50.207148 26.269778 -71.7
50.206207 26.269781 -90.3
50.207758 26.269782 -66.2
50.206924 26.269782 -74.9
50.207408 26.269787 -74.3
50.207156 26.269788 -70.9
50.207418 26.269788 -66.8
50.207165 26.269789 -65.0
50.207427 26.269790 -69.0
50.206206 26.269790 -91.8
50.207175 26.269790 -64.6
50.207757 26.269791 -66.1
50.207184 26.269792 -70.0
50.207203 26.269794 -69.1
50.207213 26.269795 -68.6
50.206204 26.269798 -92.9
50.206912 26.269798 -76.1
50.207755 26.269799 -62.4
50.207435 26.269799 -66.1
50.207445 26.269801 -66.2
50.207192 26.269801 -59.5
50.207454 26.269802 -66.1
50.207211 26.269804 -59.3
50.206901 26.269806 -77.3
50.207230 26.269807 -68.1
50.207754 26.269808 -60.4
50.207249 26.269809 -68.2
50.207259 26.269810 -67.2
50.207453 26.269811 -70.1
50.207462 26.269812 -70.7
50.207472 26.269813 -69.1
50.207220 26.269814 -60.0
50.206192 26.269814 -91.9
50.206900 26.269814 -78.0
50.207481 26.269814 -69.0
50.207491 26.269816 -67.8
50.207238 26.269816 -59.8
50.207762 26.269818 -65.7
50.207248 26.269818 -60.7
50.207267 26.269820 -63.6
50.206190 26.269823 -91.5
50.206898 26.269823 -78.2
50.207286 26.269823 -65.1
50.207295 26.269824 -65.7
50.207499 26.269826 -67.9
50.207760 26.269826 -67.0
50.207508 26.269827 -70.3
50.207275 26.269830 -62.1
50.207284 26.269831 -63.0
50.207294 26.269833 -64.3
50.207759 26.269835 -67.4
50.207313 26.269835 -68.0
50.207322 26.269837 -69.1
50.207516 26.269837 -73.2
50.207332 26.269838 -69.6
50.207526 26.269838 -72.7
50.206178 26.269838 -91.0
50.206886 26.269838 -78.3
50.206895 26.269840 -77.5
50.207311 26.269844 -69.9
50.207767 26.269845 -68.3
50.207321 26.269845 -69.5
50.207776 26.269846 -65.9
50.207330 26.269846 -69.1
50.207524 26.269847 -72.3
50.207340 26.269848 -69.5
50.207534 26.269848 -71.2
50.207349 26.269849 -68.9
50.207359 26.269850 -66.9
50.207378 26.269853 -67.9
50.206166 26.269854 -93.2
50.207775 26.269854 -65.4
50.206883 26.269856 -76.6
50.207784 26.269856 -65.6
50.207794 26.269857 -68.2
50.207348 26.269858 -68.7
50.207542 26.269858 -70.3
50.207376 26.269861 -72.0
50.207386 26.269863 -72.8
50.206164 26.269863 -93.4
50.207793 26.269865 -68.6
50.207802 26.269867 -68.5
50.207550 26.269867 -69.3
50.207365 26.269869 -68.0
50.207559 26.269869 -71.2
50.207375 26.269870 -67.0
50.207384 26.269871 -68.9
50.206871 26.269871 -79.6
50.207394 26.269873 -72.4
50.207403 26.269874 -72.6
50.207810 26.269877 -65.4
50.207820 26.269878 -64.5
50.207567 26.269879 -70.0
50.207392 26.269881 -73.9
50.207411 26.269884 -69.3
50.207421 26.269885 -67.3
50.207566 26.269887 -69.5
50.207828 26.269888 -64.9
50.206160 26.269888 -94.2
50.206868 26.269888 -78.0
50.207575 26.269888 -71.9
50.207837 26.269889 -63.6
50.207401 26.269891 -70.6
50.207410 26.269892 -69.1
50.207419 26.269893 -67.5
50.207429 26.269895 -67.5
50.207574 26.269897 -72.8
50.207836 26.269898 -63.8
50.207855 26.269900 -62.3
50.207418 26.269902 -73.0
50.207874 26.269903 -65.0
50.207428 26.269903 -70.2
50.206148 26.269904 -96.0
50.206855 26.269904 -81.9
50.207437 26.269905 -73.4
50.207582 26.269907 -67.5
50.207882 26.269913 -68.4
50.206146 26.269913 -95.9
50.207436 26.269913 -69.5
50.207445 26.269914 -72.1
50.207901 26.269915 -70.4
50.207581 26.269915 -68.2
50.207920 26.269918 -73.5
50.206843 26.269920 -83.4
50.207444 26.269923 -68.5
50.207453 26.269924 -67.9
50.207589 26.269925 -70.7
50.207928 26.269928 -72.4
50.206842 26.269929 -84.0
50.207947 26.269930 -72.2
50.207442 26.269932 -71.7
50.207452 26.269933 -70.1
50.207587 26.269934 -70.7
50.206142 26.269938 -96.9
50.207955 26.269940 -72.9
50.207964 26.269941 -68.9
50.207450 26.269941 -74.5
50.207974 26.269943 -66.9
50.207595 26.269944 -69.2
50.206829 26.269944 -85.9
50.206131 26.269946 -97.1
50.207449 26.269950 -72.6
50.207458 26.269951 -72.8
50.207594 26.269952 -70.4
50.207982 26.269952 -66.5
50.208001 26.269955 -65.3
50.208020 26.269958 -63.0
50.207457 26.269960 -71.3
50.206817 26.269960 -85.7
50.207592 26.269961 -73.3
50.206128 26.269963 -97.1
50.208028 26.269967 -60.8
50.207455 26.269968 -70.6
50.208047 26.269970 -61.0
50.207600 26.269971 -74.3
50.206127 26.269971 -97.4
50.207454 26.269977 -69.2
50.207599 26.269979 -75.1
50.208064 26.269981 -67.5
50.208074 26.269982 -67.1
50.208092 26.269985 -68.9
50.207453 26.269985 -70.0
50.206813 26.269986 -87.7
50.207598 26.269988 -78.7
50.206124 26.269988 -97.5
50.207607 26.269989 -78.8
50.207451 26.269994 -70.9
50.206811 26.269994 -89.5
50.208110 26.269996 -70.0
50.207606 26.269997 -77.9
50.208129 26.269999 -62.0
50.207440 26.270001 -70.3
50.207450 26.270002 -71.3
50.207604 26.270006 -79.0
50.208147 26.270010 -58.0
50.207439 26.270010 -69.3
50.208165 26.270012 -54.6
50.206110 26.270013 -99.2
50.208175 26.270014 -55.9
50.207603 26.270015 -79.2
50.207437 26.270018 -70.3
50.207447 26.270020 -70.5
50.208192 26.270025 -56.5
50.208202 26.270026 -58.5
50.207436 26.270027 -70.8
50.208221 26.270029 -58.4
50.206107 26.270030 -98.8
50.207600 26.270032 -77.2
50.207677 26.270033 -73.9
50.207745 26.270034 -76.2
50.207425 26.270034 -69.8
50.207687 26.270035 -74.1
50.207435 26.270035 -69.6
50.207696 26.270036 -74.6
50.207706 26.270037 -72.9
50.208229 26.270038 -58.3
50.207715 26.270039 -71.7
50.207657 26.270039 -76.7
50.207725 26.270040 -75.4
50.207666 26.270041 -75.3
50.208248 26.270041 -59.0
50.207424 26.270043 -71.9
50.208267 26.270044 -61.7
50.207753 26.270044 -74.7
50.207433 26.270044 -69.9
50.207763 26.270045 -73.7
50.207772 26.270046 -73.6
50.206104 26.270047 -99.5
50.207781 26.270048 -74.4
50.207597 26.270049 -77.0
50.207800 26.270050 -74.5
50.207422 26.270051 -72.4
50.207810 26.270051 -75.9
50.207432 26.270052 -69.4
50.207819 26.270053 -76.2
50.208275 26.270053 -64.6
50.207829 26.270054 -76.5
50.206094 26.270054 -99.4
50.207838 26.270055 -76.1
50.208294 26.270056 -68.1
50.207848 26.270057 -77.4
50.207596 26.270057 -76.9
50.208313 26.270059 -69.1
50.207421 26.270060 -70.4
50.207594 26.270066 -77.2
50.207856 26.270066 -76.7
50.207604 26.270067 -67.6
50.207419 26.270068 -70.6
50.208321 26.270068 -70.6
50.207875 26.270069 -73.5
50.207884 26.270070 -69.9
50.206091 26.270071 -101.2
50.207593 26.270074 -73.5
50.207602 26.270076 -66.0
50.207418 26.270077 -69.3
50.207883 26.270079 -68.1
50.206089 26.270080 -101.5
50.207892 26.270080 -66.8
50.207902 26.270081 -65.5
50.207911 26.270083 -65.3
50.207591 26.270083 -72.9
50.207921 26.270084 -66.1
50.207407 26.270084 -69.9
50.207930 26.270085 -66.0
50.207416 26.270085 -71.4
50.207998 26.270086 -76.2
50.207940 26.270087 -68.9
50.208008 26.270087 -77.1
50.208017 26.270088 -73.3
50.208027 26.270090 -73.4
50.208036 26.270091 -72.7
50.207415 26.270094 -69.9
50.207997 26.270094 -75.9
50.206077 26.270096 -98.8
50.207948 26.270096 -72.8
50.207957 26.270098 -74.2
50.207579 26.270099 -75.0
50.207967 26.270099 -76.2
50.208035 26.270099 -72.6
50.207976 26.270100 -69.9
50.208044 26.270101 -70.2
50.207404 26.270101 -70.7
50.208054 26.270102 -68.5
50.207414 26.270102 -71.5
50.207995 26.270103 -74.8
50.208063 26.270103 -66.9
50.208005 26.270104 -75.5
50.208072 26.270105 -63.7
50.208082 26.270106 -60.7
50.208091 26.270107 -60.8
50.207578 26.270107 -70.2
50.207965 26.270107 -73.4
50.208101 26.270108 -60.6
50.207587 26.270109 -71.0
50.207975 26.270109 -72.8
50.207403 26.270110 -70.5
50.207984 26.270110 -75.1
50.207412 26.270111 -70.6
50.208003 26.270113 -76.8
50.208013 26.270114 -75.5
50.207576 26.270116 -74.0
50.208099 26.270117 -60.9
50.207392 26.270117 -69.1
50.208109 26.270118 -61.9
50.207401 26.270118 -70.9
50.207983 26.270119 -72.9
50.208118 26.270120 -65.0
50.207992 26.270120 -73.0
50.206063 26.270120 -99.1
50.208137 26.270122 -68.1
50.207565 26.270123 -71.4
50.207390 26.270126 -68.5
50.207400 26.270127 -68.6
50.206062 26.270129 -98.9
50.208136 26.270131 -69.1
50.208145 26.270132 -70.7
50.207573 26.270133 -79.7
50.208155 26.270133 -69.0
50.207389 26.270134 -70.1
50.208164 26.270135 -69.1
50.208174 26.270136 -72.8
50.208183 26.270137 -74.7
50.208193 26.270138 -73.8
50.207562 26.270140 -71.5
50.207572 26.270141 -76.0
50.207388 26.270143 -70.0
50.207397 26.270144 -71.2
50.206059 26.270146 -97.9
50.208201 26.270148 -72.5
50.207561 26.270149 -72.1
50.208210 26.270150 -70.3
50.208220 26.270151 -68.2
50.207386 26.270151 -70.4
50.208229 26.270152 -67.1
50.206048 26.270153 -96.0
50.207375 26.270158 -70.6
50.207569 26.270159 -78.6
50.207385 26.270160 -70.0
50.206047 26.270161 -96.9
50.208237 26.270162 -61.8
50.207549 26.270164 -73.8
50.207558 26.270166 -78.8
50.207383 26.270168 -72.0
50.206045 26.270170 -94.7
50.207547 26.270173 -74.8
50.207557 26.270174 -79.1
50.207372 26.270175 -73.4
50.207382 26.270177 -75.3
50.207546 26.270182 -75.7
50.207371 26.270184 -73.1
50.207535 26.270189 -73.7
50.207554 26.270191 -80.1
50.207369 26.270193 -74.4
50.207533 26.270197 -72.4
50.207543 26.270199 -80.6
50.207368 26.270201 -74.3
50.207523 26.270205 -72.2
50.207542 26.270207 -81.4
50.206019 26.270210 -101.6
50.207521 26.270213 -72.1
50.207365 26.270218 -75.6
50.206018 26.270219 -102.5
50.207520 26.270222 -73.4
50.207529 26.270223 -81.3
50.208246 26.270224 -64.6
50.207539 26.270224 -80.9
50.207518 26.270230 -74.1
50.208235 26.270232 -61.5
50.208245 26.270233 -63.1
50.207353 26.270234 -84.3
50.207362 26.270235 -77.7
50.206015 26.270236 -102.6
50.207517 26.270239 -74.8
50.208234 26.270240 -63.8
50.207526 26.270240 -83.7
50.207351 26.270243 -84.2
50.206004 26.270243 -102.8
50.207361 26.270244 -77.2
50.208223 26.270247 -64.4
50.207515 26.270247 -74.2
50.207525 26.270249 -83.1
50.207359 26.270252 -76.1
50.208212 26.270255 -64.8
50.207505 26.270255 -75.8
50.207523 26.270257 -81.5
50.207339 26.270258 -83.3
50.207349 26.270260 -76.5
50.206001 26.270260 -101.8
50.208211 26.270263 -66.8
50.207503 26.270263 -78.0
50.206000 26.270269 -101.7
50.208200 26.270270 -69.7
50.207502 26.270272 -79.1
50.207511 26.270273 -83.9
50.207336 26.270275 -82.0
50.205998 26.270277 -100.2
50.208198 26.270279 -69.0
50.207500 26.270280 -78.6
50.207325 26.270283 -82.7
50.207344 26.270285 -78.1
50.208197 26.270288 -68.9
50.207489 26.270288 -79.1
50.207508 26.270290 -86.1
50.205986 26.270293 -98.3
50.208196 26.270296 -65.8
50.207488 26.270296 -79.0
50.207497 26.270297 -88.7
50.207332 26.270301 -80.5
50.208185 26.270303 -63.2
50.207477 26.270303 -76.6
50.207321 26.270308 -84.2
50.207331 26.270310 -81.4
50.205983 26.270310 -97.8
50.208183 26.270312 -60.4
50.207476 26.270312 -78.5
50.207495 26.270314 -87.2
50.207320 26.270317 -85.5
50.205982 26.270319 -100.1
50.208182 26.270320 -61.9
50.207474 26.270320 -78.8
50.207493 26.270323 -87.9
50.207328 26.270327 -81.4
50.208171 26.270328 -60.6
50.207317 26.270334 -83.0
50.205969 26.270334 -100.7
50.208169 26.270336 -63.0
50.207471 26.270338 -80.4
50.205968 26.270343 -100.0
50.208168 26.270345 -64.3
50.207470 26.270346 -81.0
50.207489 26.270349 -89.5
50.207304 26.270350 -82.5
50.207314 26.270351 -81.2
50.208157 26.270352 -63.9
50.207459 26.270353 -81.1
50.207478 26.270356 -90.7
50.205965 26.270360 -100.0
50.208156 26.270361 -67.3
50.207302 26.270367 -83.2
50.207311 26.270368 -80.9
50.208154 26.270369 -66.2
50.207456 26.270370 -81.9
50.207475 26.270373 -90.5
50.205953 26.270376 -101.5
50.208153 26.270378 -71.3
50.207455 26.270379 -83.1
50.207474 26.270382 -89.9
50.207299 26.270384 -83.2
50.205951 26.270384 -98.3
50.208142 26.270385 -74.6
50.207453 26.270388 -79.0
50.207463 26.270389 -90.1
50.207297 26.270393 -82.7
50.208141 26.270393 -70.8
50.207442 26.270395 -79.2
50.207286 26.270400 -82.5
50.205939 26.270400 -98.8
50.208139 26.270402 -73.5
50.207441 26.270403 -80.0
50.207460 26.270406 -91.7
50.207285 26.270408 -82.1
50.205937 26.270409 -99.4
50.208138 26.270411 -68.6
50.205926 26.270416 -99.2
50.207284 26.270417 -82.3
50.208127 26.270418 -68.6
50.207429 26.270419 -79.2
50.207438 26.270420 -79.7
50.207457 26.270423 -91.0
50.206623 26.270423 -82.0
50.205925 26.270425 -97.8
50.207282 26.270425 -82.5
50.207456 26.270432 -90.6
50.206622 26.270432 -84.4
50.205924 26.270433 -96.7
50.208124 26.270435 -70.0
50.207426 26.270436 -78.8
50.207279 26.270443 -80.2
50.208122 26.270443 -71.5
50.207424 26.270445 -82.1
50.207443 26.270447 -90.9
50.206609 26.270448 -86.4
50.207268 26.270450 -81.7
50.205921 26.270450 -95.5
50.208112 26.270451 -75.4
50.207278 26.270451 -79.4
50.207423 26.270453 -84.4
50.207442 26.270456 -91.3
50.206608 26.270456 -87.3
50.207267 26.270458 -82.5
50.205919 26.270459 -96.8
50.208110 26.270459 -72.3
50.207412 26.270461 -85.6
50.206597 26.270463 -89.7
50.205918 26.270467 -98.5
50.207411 26.270469 -83.6
50.207439 26.270473 -92.1
50.205907 26.270475 -97.9
50.207264 26.270475 -82.5
50.205916 26.270476 -97.3
50.208107 26.270476 -71.4
50.207409 26.270478 -84.0
50.206594 26.270481 -89.2
50.205906 26.270483 -96.2
50.207408 26.270486 -84.0
50.207427 26.270489 -92.9
50.205904 26.270492 -93.8
50.208095 26.270492 -70.9
50.207261 26.270493 -82.4
50.207406 26.270495 -85.0
50.206582 26.270496 -90.3
50.207425 26.270497 -92.0
50.205903 26.270500 -93.2
50.208094 26.270501 -66.0
50.206581 26.270505 -89.6
50.207249 26.270508 -84.0
50.205901 26.270509 -94.8
50.207394 26.270511 -85.3
50.207413 26.270513 -86.4
50.206579 26.270513 -90.7
50.205890 26.270516 -96.2
50.208091 26.270518 -61.6
50.207257 26.270518 -82.6
50.207392 26.270519 -84.8
50.206568 26.270521 -91.2
50.207411 26.270522 -86.9
50.205889 26.270525 -96.7
50.208089 26.270526 -61.2
50.207391 26.270528 -83.9
50.206567 26.270529 -91.8
50.205888 26.270533 -94.6
50.207245 26.270534 -83.5
50.206565 26.270538 -91.6
50.205886 26.270542 -93.0
50.208077 26.270542 -63.9
50.207243 26.270543 -86.8
50.207379 26.270543 -83.8
50.206554 26.270545 -91.7
50.207398 26.270546 -87.2
50.205875 26.270549 -94.5
50.207242 26.270551 -88.5
50.207377 26.270552 -82.8
50.206544 26.270552 -91.8
50.205874 26.270557 -95.9
50.207366 26.270559 -82.1
50.208074 26.270559 -62.2
50.206542 26.270561 -91.6
50.207395 26.270563 -86.0
50.205872 26.270566 -97.3
50.207229 26.270567 -84.8
50.208073 26.270568 -66.9
50.206541 26.270569 -91.8
50.207393 26.270572 -85.5
50.205871 26.270575 -95.7
50.207228 26.270575 -89.5
50.207364 26.270576 -86.2
50.207237 26.270577 -89.4
50.207373 26.270578 -84.1
50.206539 26.270578 -92.0
50.208060 26.270584 -73.6
50.207227 26.270584 -89.7
50.206528 26.270585 -93.1
50.205859 26.270590 -95.2
50.207361 26.270593 -86.8
50.206527 26.270594 -92.7
50.207380 26.270596 -83.3
50.205857 26.270599 -97.6
50.208048 26.270599 -76.6
50.207214 26.270600 -89.5
50.206525 26.270602 -93.3
50.207378 26.270605 -85.0
50.205856 26.270607 -98.9
50.208047 26.270608 -75.0
50.206515 26.270610 -95.0
50.207222 26.270610 -90.3
50.207358 26.270611 -85.4
50.206513 26.270618 -96.3
50.207356 26.270619 -84.2
50.207366 26.270620 -87.0
50.205843 26.270623 -98.5
50.208034 26.270624 -73.2
50.207210 26.270625 -87.8
50.207345 26.270626 -83.3
50.206512 26.270627 -95.5
50.205842 26.270632 -97.9
50.208033 26.270632 -70.5
50.206501 26.270634 -95.0
50.207208 26.270634 -89.3
50.206490 26.270641 -97.2
50.206499 26.270642 -96.0
50.207343 26.270643 -82.9
50.207352 26.270645 -87.6
50.205839 26.270649 -98.0
50.208030 26.270649 -70.2
50.206488 26.270650 -98.5
50.207196 26.270650 -89.4
50.207332 26.270651 -84.2
50.207351 26.270653 -88.0
50.208028 26.270658 -73.7
50.207195 26.270658 -88.1
50.207330 26.270659 -82.7
50.205827 26.270665 -98.3
50.207193 26.270667 -88.6
50.207329 26.270668 -84.3
50.207338 26.270669 -89.1
50.205825 26.270673 -97.8
50.207182 26.270674 -90.2
50.208026 26.270675 -75.1
50.207337 26.270678 -91.2
50.207181 26.270683 -88.2
50.207317 26.270684 -85.5
50.208024 26.270684 -73.5
50.205813 26.270689 -97.5
50.208013 26.270691 -72.4
50.207180 26.270691 -88.2
50.207315 26.270692 -84.2
50.207325 26.270693 -91.3
50.205812 26.270698 -98.4
50.207314 26.270701 -84.8
50.207323 26.270702 -90.7
50.208010 26.270708 -73.2
50.207177 26.270708 -88.5
50.207312 26.270709 -84.6
50.205799 26.270713 -99.0
50.207166 26.270716 -88.5
50.208009 26.270716 -73.2
50.207175 26.270717 -87.2
50.207311 26.270718 -84.0
50.207309 26.270726 -83.0
50.207997 26.270732 -74.0
50.207308 26.270735 -88.2
50.205795 26.270739 -99.0
50.207152 26.270740 -88.6
50.207161 26.270741 -87.9
50.207307 26.270743 -91.3
50.205793 26.270748 -101.0
50.207151 26.270748 -88.5
50.207994 26.270749 -75.0
50.207160 26.270750 -87.7
50.207296 26.270751 -86.7
50.207992 26.270758 -73.9
50.207294 26.270759 -88.2
50.207304 26.270760 -90.4
50.205781 26.270763 -101.1
50.207283 26.270766 -89.9
50.207302 26.270769 -90.6
50.205780 26.270772 -100.5
50.207146 26.270774 -89.5
50.207282 26.270775 -90.4
50.207990 26.270775 -71.5
50.207156 26.270775 -89.2
50.207271 26.270782 -91.4
50.207290 26.270785 -91.6
50.207134 26.270790 -89.3
50.207977 26.270791 -72.7
50.207143 26.270791 -86.6
50.207288 26.270793 -91.0
50.205775 26.270798 -99.1
50.207268 26.270799 -91.7
50.207976 26.270799 -70.5
50.207267 26.270808 -92.6
50.207141 26.270808 -88.2
50.205763 26.270813 -103.0
50.207256 26.270815 -92.0
50.207130 26.270816 -88.8
50.207973 26.270816 -71.1
50.207275 26.270818 -90.3
50.205762 26.270822 -103.5
50.207254 26.270824 -91.9
50.207962 26.270824 -71.8
50.207272 26.270835 -89.4
50.205759 26.270839 -109.2
50.207116 26.270840 -90.7
50.207251 26.270841 -90.1
50.207959 26.270841 -68.8
50.207125 26.270841 -90.7
50.207261 26.270842 -91.2
50.207250 26.270849 -89.1
50.207958 26.270849 -68.6
50.207124 26.270850 -91.6
50.205746 26.270855 -118.7
50.207113 26.270857 -89.9
50.207249 26.270858 -89.7
50.205745 26.270863 -112.8
50.207238 26.270865 -88.7
50.207945 26.270865 -69.1
50.207247 26.270866 -91.5
50.207236 26.270874 -89.7
50.207944 26.270874 -68.5
50.207110 26.270874 -90.9
50.205742 26.270880 -110.6
50.207099 26.270881 -89.7
50.207235 26.270882 -91.8
50.207943 26.270882 -68.6
50.207109 26.270883 -91.3
50.207244 26.270884 -92.6
50.207932 26.270890 -68.3
50.207233 26.270891 -92.2
50.207243 26.270892 -92.7
50.207930 26.270898 -69.5
50.207096 26.270898 -90.8
50.207232 26.270899 -92.9
50.207251 26.270902 -87.1
50.207260 26.270903 -85.4
50.207270 26.270904 -84.4
50.207279 26.270906 -84.9
50.207221 26.270907 -91.3
50.207929 26.270907 -71.5
50.207289 26.270907 -86.1
50.207231 26.270908 -89.4
50.207104 26.270908 -90.8
50.207298 26.270908 -87.8
50.207240 26.270909 -88.3
50.207308 26.270910 -86.8
50.207317 26.270911 -86.2
50.207327 26.270912 -85.4
50.207336 26.270913 -85.8
50.207210 26.270914 -89.8
50.207918 26.270914 -65.5
50.207220 26.270915 -90.8
50.207229 26.270916 -94.6
50.207335 26.270922 -86.0
50.207209 26.270922 -89.1
50.207916 26.270922 -64.1
50.207083 26.270923 -92.3
50.207344 26.270923 -83.9
50.207218 26.270924 -93.6
50.207092 26.270924 -90.5
50.207354 26.270925 -85.0
50.207228 26.270925 -95.0
50.207363 26.270926 -85.9
50.207373 26.270927 -84.1
50.207382 26.270928 -84.5
50.207392 26.270930 -79.1
50.207207 26.270931 -91.3
50.207915 26.270931 -64.7
50.207196 26.270938 -91.4
50.207390 26.270938 -82.2
50.207206 26.270939 -92.2
50.207409 26.270941 -81.5
50.207089 26.270941 -90.5
50.207225 26.270942 -96.8
50.207419 26.270942 -80.6
50.207428 26.270943 -80.5
50.207185 26.270945 -89.3
50.207195 26.270947 -86.9
50.207912 26.270948 -66.3
50.207078 26.270948 -92.4
50.207427 26.270952 -82.2
50.207184 26.270954 -86.5
50.207446 26.270955 -82.0
50.207901 26.270955 -64.9
50.207455 26.270956 -79.1
50.207203 26.270957 -94.5
50.207465 26.270957 -79.6
50.207474 26.270958 -79.7
50.207173 26.270961 -84.6
50.207183 26.270963 -87.8
50.207909 26.270965 -66.4
50.207075 26.270965 -93.1
50.207211 26.270966 -98.2
50.207482 26.270968 -79.2
50.207492 26.270970 -76.2
50.207172 26.270970 -85.6
50.207511 26.270972 -77.1
50.207191 26.270972 -92.6
50.207520 26.270973 -76.7
50.207210 26.270975 -97.1
50.207170 26.270978 -89.4
50.207189 26.270981 -91.5
50.207897 26.270981 -67.3
50.207073 26.270983 -91.9
50.207528 26.270983 -75.9
50.207538 26.270985 -76.2
50.207557 26.270987 -77.4
50.207188 26.270989 -88.9
50.207896 26.270989 -69.8
50.207576 26.270990 -81.4
50.207062 26.270990 -92.4
50.207207 26.270992 -98.5
50.207167 26.270995 -90.4
50.207177 26.270997 -89.5
50.207186 26.270998 -90.1
50.207894 26.270998 -71.7
50.207060 26.270998 -91.9
50.207196 26.270999 -92.0
50.207593 26.271001 -81.5
50.207603 26.271002 -79.0
50.207612 26.271003 -78.4
50.207166 26.271004 -94.5
50.207883 26.271005 -74.5
50.207185 26.271007 -92.8
50.207155 26.271011 -96.7
50.207882 26.271014 -76.2
50.207630 26.271015 -74.4
50.207154 26.271020 -96.2
50.207871 26.271021 -72.2
50.207173 26.271022 -94.8
50.207880 26.271022 -75.5
50.207047 26.271023 -93.3
50.207056 26.271024 -92.7
50.207647 26.271026 -73.4
50.207657 26.271027 -73.5
50.207152 26.271028 -94.8
50.207676 26.271030 -71.3
50.207869 26.271030 -69.0
50.207685 26.271031 -71.1
50.207171 26.271031 -94.0
50.207045 26.271031 -93.7
50.207694 26.271032 -70.4
50.207055 26.271033 -93.1
50.207151 26.271037 -95.7
50.207868 26.271038 -66.0
50.207179 26.271041 -96.0
50.207703 26.271042 -72.2
50.207712 26.271043 -72.0
50.207722 26.271045 -68.7
50.207149 26.271045 -97.1
50.207731 26.271046 -68.1
50.207159 26.271047 -96.0
50.207867 26.271047 -66.5
50.207178 26.271049 -95.5
50.207138 26.271053 -95.9
50.207856 26.271054 -66.7
50.207157 26.271055 -96.5
50.207749 26.271057 -68.0
50.207050 26.271058 -92.9
50.207758 26.271058 -69.5
50.207137 26.271061 -96.4
50.207854 26.271063 -67.7
50.207156 26.271064 -96.6
50.207165 26.271065 -94.2
50.207039 26.271065 -94.6
50.207766 26.271068 -71.7
50.207136 26.271070 -95.3
50.207785 26.271071 -70.2
50.207145 26.271071 -95.9
50.207853 26.271071 -67.1
50.207794 26.271072 -70.2
50.207804 26.271073 -68.6
50.207164 26.271074 -93.2
50.207134 26.271078 -94.8
50.207144 26.271080 -95.7
50.207851 26.271080 -67.2
50.207027 26.271081 -93.3
50.207037 26.271083 -92.8
50.207812 26.271083 -67.5
50.207821 26.271084 -65.7
50.207840 26.271087 -66.8
50.207142 26.271088 -90.9
50.207850 26.271088 -66.8
50.207859 26.271089 -67.7
50.207035 26.271091 -93.5
50.207122 26.271094 -94.5
50.207131 26.271095 -91.6
50.207839 26.271095 -67.7
50.207150 26.271098 -90.3
50.207877 26.271101 -69.5
50.207886 26.271102 -75.3
50.207120 26.271103 -94.5
50.207896 26.271103 -73.2
50.207130 26.271104 -92.9
50.207838 26.271104 -67.8
50.207013 26.271106 -92.8
50.207149 26.271107 -92.2
50.207119 26.271111 -95.2
50.207836 26.271113 -68.1
50.207904 26.271113 -71.8
50.207913 26.271114 -69.5
50.207031 26.271117 -92.8
50.207108 26.271118 -96.9
50.207118 26.271120 -93.8
50.207825 26.271120 -68.8
50.207127 26.271121 -92.8
50.207020 26.271124 -91.9
50.207931 26.271125 -73.5
50.207107 26.271127 -95.8
50.207950 26.271128 -72.4
50.207824 26.271128 -69.5
50.207000 26.271130 -91.7
50.207969 26.271131 -76.2
50.207135 26.271131 -94.0
50.207115 26.271137 -94.0
50.207822 26.271137 -71.2
50.207977 26.271140 -81.8
50.207104 26.271144 -94.7
50.207113 26.271145 -96.0
50.207821 26.271145 -70.4
50.206997 26.271147 -91.4
50.207132 26.271148 -95.3
50.207016 26.271150 -92.4
50.207102 26.271153 -96.2
50.207810 26.271153 -71.5
50.207112 26.271154 -95.2
50.207091 26.271160 -96.9
50.207809 26.271161 -72.0
50.207120 26.271164 -97.3
50.207003 26.271165 -92.4
50.207100 26.271170 -97.2
50.207807 26.271170 -71.2
50.206983 26.271171 -92.1
50.206992 26.271173 -90.5
50.207089 26.271177 -98.4
50.207806 26.271178 -70.7
50.207108 26.271180 -97.4
50.207097 26.271187 -98.9
50.207804 26.271187 -71.7
50.206980 26.271188 -92.5
50.207116 26.271189 -98.8
50.207076 26.271193 -100.2
50.207803 26.271195 -73.4
50.207114 26.271198 -99.6
50.206988 26.271198 -90.5
50.207084 26.271203 -95.7
50.207094 26.271204 -99.3
50.207073 26.271210 -95.8
50.207791 26.271211 -74.0
50.207092 26.271212 -101.2
50.207102 26.271214 -100.1
50.206976 26.271214 -89.5
50.207789 26.271220 -74.1
50.206965 26.271221 -92.2
50.206974 26.271223 -89.3
50.207071 26.271227 -96.5
50.207080 26.271228 -99.5
50.207786 26.271237 -73.9
50.206962 26.271238 -91.1
50.207098 26.271239 -99.1
50.207058 26.271243 -96.2
50.207077 26.271245 -99.7
50.207785 26.271245 -73.7
50.207096 26.271248 -98.3
50.207057 26.271251 -96.8
50.206959 26.271256 -90.5
50.207055 26.271260 -97.2
50.207065 26.271261 -98.8
50.207773 26.271261 -73.5
50.206948 26.271263 -92.7
50.207084 26.271264 -97.2
50.207054 26.271268 -96.8
50.207063 26.271270 -99.2
50.207062 26.271278 -99.4
50.207770 26.271278 -73.9
50.206945 26.271280 -90.8
50.207759 26.271286 -74.5
50.206944 26.271288 -92.1
50.207080 26.271289 -97.9
50.207040 26.271293 -98.4
50.207050 26.271294 -99.0
50.207757 26.271294 -75.0
50.206933 26.271296 -93.2
50.207069 26.271297 -99.3
50.207039 26.271301 -97.6
50.207048 26.271303 -99.2
50.207756 26.271303 -75.1
50.207047 26.271311 -99.5
50.206930 26.271313 -90.0
50.207066 26.271314 -99.0
50.207036 26.271318 -98.4
50.207744 26.271318 -75.6
50.207045 26.271320 -101.2
50.206929 26.271321 -90.6
50.207064 26.271322 -99.5
50.207024 26.271334 -97.4
50.207033 26.271336 -99.8
50.207741 26.271336 -77.5
50.206916 26.271337 -89.8
50.207052 26.271338 -98.8
50.207022 26.271343 -97.1
50.207032 26.271344 -99.5
50.207728 26.271351 -79.1
50.207030 26.271353 -97.9
50.206914 26.271354 -89.0
50.207049 26.271355 -98.9
50.207019 26.271360 -98.3
50.207727 26.271360 -79.9
50.207048 26.271364 -98.2
50.207008 26.271367 -98.2
50.207018 26.271368 -98.6
50.207726 26.271368 -78.8
50.206901 26.271370 -90.5
50.206997 26.271374 -96.5
50.207016 26.271377 -97.5
50.207713 26.271384 -77.4
50.206898 26.271387 -92.5
50.207034 26.271388 -98.2
50.206995 26.271391 -97.7
50.207004 26.271393 -99.2
50.207712 26.271393 -76.3
50.207033 26.271397 -99.0
50.206993 26.271400 -99.3
50.207701 26.271400 -75.8
50.207001 26.271410 -100.0
50.207020 26.271412 -99.6
50.206894 26.271413 -91.8
50.206981 26.271416 -97.9
50.207698 26.271417 -75.9
50.207000 26.271418 -101.0
50.206893 26.271421 -94.7
50.206979 26.271424 -98.0
50.207687 26.271424 -76.1
50.206880 26.271437 -93.8
50.207016 26.271438 -100.2
50.206967 26.271440 -97.1
50.207684 26.271441 -78.7
50.206986 26.271443 -95.2
50.207005 26.271445 -100.4
50.206879 26.271446 -94.6
50.206964 26.271457 -98.9
50.207681 26.271459 -80.4
50.206983 26.271460 -96.3
50.207002 26.271462 -99.6
50.206963 26.271466 -97.1
50.207670 26.271466 -80.5
50.206982 26.271468 -97.5
50.206865 26.271470 -93.2
50.206875 26.271471 -94.9
50.206961 26.271474 -97.0
50.206999 26.271480 -99.2
50.206960 26.271483 -97.2
50.207668 26.271483 -80.7
50.206969 26.271484 -96.3
50.206987 26.271495 -98.8
50.206861 26.271496 -94.8
50.206948 26.271499 -96.9
50.207665 26.271500 -80.3
50.206967 26.271501 -98.1
50.206859 26.271504 -95.2
50.207654 26.271507 -80.0
50.206849 26.271511 -93.8
50.206984 26.271512 -101.2
50.206954 26.271517 -98.1
50.206973 26.271520 -100.3
50.206943 26.271524 -97.2
50.207651 26.271524 -79.9
50.206932 26.271532 -96.3
50.207650 26.271533 -79.5
50.206970 26.271537 -100.3
50.206844 26.271537 -92.6
50.206940 26.271541 -97.2
50.206959 26.271544 -102.1
50.206833 26.271544 -94.0
50.207637 26.271549 -80.4
50.206919 26.271556 -97.5
50.206928 26.271557 -95.1
50.206957 26.271561 -101.9
50.206830 26.271561 -92.8
50.206927 26.271566 -96.0
50.207634 26.271566 -81.0
50.206925 26.271574 -96.4
50.207633 26.271574 -83.0
50.206954 26.271578 -100.5
50.206828 26.271579 -91.3
50.206905 26.271580 -97.7
50.207632 26.271583 -82.1
50.206943 26.271585 -95.6
50.206817 26.271586 -92.1
50.206913 26.271590 -96.5
50.207630 26.271591 -80.2
50.206902 26.271597 -97.5
50.206911 26.271599 -95.3
50.207619 26.271599 -78.8
50.206940 26.271603 -96.1
50.206814 26.271603 -91.5
50.206901 26.271606 -97.1
50.206910 26.271607 -95.2
50.206812 26.271611 -92.8
50.207616 26.271616 -78.7
50.206802 26.271619 -89.6
50.206937 26.271620 -92.5
50.206888 26.271622 -96.1
50.206898 26.271623 -95.6
50.207615 26.271624 -78.3
50.206926 26.271627 -95.3
50.206887 26.271630 -96.1
50.206896 26.271632 -96.0
50.207604 26.271632 -79.7
50.206925 26.271635 -96.1
50.206799 26.271636 -91.3
50.206874 26.271646 -97.0
50.206893 26.271649 -97.4
50.207601 26.271649 -80.9
50.206786 26.271652 -88.5
50.206922 26.271653 -97.0
50.206873 26.271655 -96.2
50.207600 26.271657 -82.5
50.206920 26.271661 -96.7
50.206794 26.271661 -92.0
50.206881 26.271664 -94.7
50.206910 26.271668 -97.7
50.206870 26.271672 -96.2
50.207597 26.271674 -83.9
50.206878 26.271682 -93.7
50.207595 26.271683 -86.0
50.206771 26.271685 -88.8
50.206907 26.271685 -97.1
50.206781 26.271686 -91.5
50.206867 26.271689 -94.5
50.206905 26.271694 -97.5
50.206856 26.271696 -96.0
50.206866 26.271697 -93.8
50.207583 26.271699 -89.7
50.206894 26.271701 -98.0
50.206864 26.271706 -93.0
50.207582 26.271707 -92.4
50.206767 26.271710 -92.0
50.206854 26.271713 -92.9
50.207580 26.271716 -92.5
50.206756 26.271717 -90.2
50.206891 26.271718 -97.5
50.206765 26.271719 -93.2
50.206852 26.271722 -93.6
50.206862 26.271723 -93.5
50.207577 26.271733 -92.5
50.206879 26.271734 -97.5
50.206840 26.271738 -92.4
50.206849 26.271739 -93.4
50.207566 26.271740 -91.9
50.206742 26.271742 -93.5
50.206878 26.271743 -95.6
50.206752 26.271743 -93.0
50.206848 26.271747 -94.1
50.206867 26.271750 -96.8
50.206837 26.271755 -93.0
50.207564 26.271757 -91.7
50.206865 26.271759 -96.0
50.206739 26.271759 -94.5
50.206845 26.271764 -92.2
50.207562 26.271766 -85.8
50.206864 26.271767 -95.4
50.206834 26.271772 -93.0
50.207561 26.271774 -84.5
50.206863 26.271776 -96.8
50.206746 26.271777 -93.7
50.206833 26.271780 -96.7
50.207559 26.271783 -83.7
50.206871 26.271785 -97.4
50.206744 26.271786 -95.3
50.206831 26.271789 -93.3
50.207548 26.271790 -82.2
50.206724 26.271792 -93.8
50.206869 26.271794 -96.4
50.206830 26.271797 -93.7
50.207547 26.271799 -81.7
50.206868 26.271803 -98.9
50.206819 26.271805 -92.3
50.206828 26.271806 -94.3
50.207546 26.271807 -81.3
50.206731 26.271810 -95.0
50.206866 26.271811 -98.6
50.206865 26.271820 -98.3
50.206816 26.271822 -94.9
50.207533 26.271823 -81.2
50.206709 26.271825 -95.2
50.206728 26.271827 -95.7
50.206863 26.271828 -98.6
50.206805 26.271829 -95.6
50.206873 26.271829 -100.1
50.206815 26.271830 -96.0
50.207532 26.271832 -81.1
50.206862 26.271837 -98.9
50.206804 26.271838 -94.5
50.206871 26.271838 -98.9
50.206813 26.271839 -96.5
50.207519 26.271847 -81.5
50.206880 26.271848 -101.2
50.206889 26.271849 -99.6
50.206705 26.271850 -96.6
50.206714 26.271852 -94.8
50.206791 26.271853 -94.2
50.206810 26.271856 -96.7
50.207518 26.271856 -82.4
50.206897 26.271859 -99.4
50.206907 26.271860 -100.2
50.206916 26.271862 -99.8
50.206790 26.271862 -97.0
50.206926 26.271863 -98.2
50.207517 26.271864 -82.0
50.206711 26.271869 -94.9
50.206779 26.271869 -96.6
50.206798 26.271872 -98.0
50.206934 26.271873 -97.1
50.206943 26.271874 -99.0
50.206953 26.271875 -100.1
50.206962 26.271877 -100.3
50.207504 26.271880 -81.2
50.206680 26.271882 -96.1
50.206699 26.271884 -95.4
50.206961 26.271885 -100.4
50.206776 26.271886 -97.2
50.206970 26.271886 -98.6
50.206980 26.271888 -98.8
50.207503 26.271889 -81.0
50.206989 26.271889 -101.0
50.206998 26.271890 -102.5
50.207008 26.271891 -101.7
50.206775 26.271895 -97.6
50.207492 26.271896 -80.6
50.206677 26.271899 -96.2
50.207016 26.271901 -102.8
50.207490 26.271905 -80.9
50.206695 26.271910 -95.3
50.206762 26.271911 -97.2
50.207024 26.271911 -101.0
50.206772 26.271912 -100.7
50.207034 26.271912 -101.4
50.207489 26.271913 -81.3
50.207043 26.271914 -101.5
50.207053 26.271915 -103.7
50.207062 26.271916 -102.3
50.207488 26.271922 -82.1
50.207070 26.271926 -101.6
50.207080 26.271927 -101.5
50.206760 26.271928 -97.3
50.207089 26.271929 -102.8
50.207098 26.271930 -104.0
50.207486 26.271930 -82.5
50.207108 26.271931 -102.4
50.206662 26.271932 -97.2
50.206681 26.271934 -95.8
50.206768 26.271937 -98.2
50.207485 26.271939 -83.9
50.206679 26.271943 -96.0
50.206747 26.271943 -100.0
50.206757 26.271945 -98.0
50.207474 26.271946 -84.2
50.206755 26.271953 -97.5
50.207472 26.271955 -84.5
50.206744 26.271961 -99.0
50.207471 26.271963 -85.6
50.206647 26.271965 -98.0
50.206666 26.271967 -98.5
50.206733 26.271968 -98.3
50.206752 26.271970 -98.6
50.207460 26.271970 -86.1
50.206751 26.271979 -98.1
50.206634 26.271981 -98.8
50.205266 26.271987 -109.0
50.206652 26.271992 -98.1
50.206729 26.271993 -98.4
50.206739 26.271995 -98.3
50.206650 26.272000 -97.4
50.206718 26.272001 -98.4
50.205254 26.272003 -109.0
50.205253 26.272011 -109.9
50.206736 26.272012 -98.5
50.206629 26.272015 -98.7
50.206715 26.272018 -99.8
50.206734 26.272020 -98.0
50.206637 26.272025 -97.6
50.205250 26.272028 -107.4
50.206626 26.272032 -99.2
50.206703 26.272034 -98.9
50.206722 26.272036 -99.2
50.206624 26.272040 -97.2
50.206702 26.272042 -97.9
50.205237 26.272044 -108.0
50.206721 26.272045 -99.0
50.207447 26.272047 -91.0
50.207457 26.272049 -95.4
50.207466 26.272050 -99.7
50.207485 26.272052 -101.3
50.205236 26.272053 -107.6
50.206612 26.272056 -96.0
50.206699 26.272059 -98.1
50.206708 26.272061 -98.7
50.207493 26.272062 -103.9
50.206611 26.272065 -97.6
50.207512 26.272065 -99.6
50.205224 26.272069 -106.7
50.206707 26.272069 -97.0
50.207511 26.272073 -101.6
50.207530 26.272076 -102.2
50.206696 26.272076 -96.4
50.205222 26.272077 -106.7
50.207539 26.272077 -103.8
50.206608 26.272082 -96.6
50.206685 26.272084 -96.3
50.206597 26.272089 -96.5
50.206693 26.272093 -95.5
50.205219 26.272094 -105.8
50.206682 26.272101 -96.3
50.205208 26.272101 -107.8
50.206594 26.272106 -96.0
50.206681 26.272109 -98.5
50.206593 26.272115 -96.0
50.206679 26.272118 -95.2
50.205206 26.272119 -105.7
50.206668 26.272125 -99.5
50.206678 26.272126 -96.5
50.205204 26.272127 -105.5
50.206667 26.272134 -99.7
50.206579 26.272139 -94.8
50.206666 26.272142 -97.6
50.205192 26.272143 -105.0
50.206577 26.272148 -95.5
50.206566 26.272155 -94.1
50.206663 26.272159 -98.8
50.206661 26.272168 -98.5
50.206564 26.272172 -93.6
50.206650 26.272175 -97.5
50.206660 26.272176 -97.3
50.206561 26.272189 -95.3
50.206647 26.272192 -99.1
50.206550 26.272196 -94.3
50.206646 26.272201 -98.4
50.206547 26.272213 -93.7
50.206643 26.272218 -99.1
50.206632 26.272225 -98.9
50.206535 26.272229 -93.8
50.206631 26.272234 -98.7
50.206543 26.272239 -92.8
50.206620 26.272241 -99.3
50.206629 26.272242 -100.0
50.206532 26.272246 -92.8
50.206619 26.272249 -98.5
50.206627 26.272259 -100.9
50.206519 26.272262 -93.3
50.206606 26.272265 -100.4
50.206528 26.272272 -93.8
50.206614 26.272275 -100.5
50.206517 26.272279 -94.2
50.206603 26.272282 -100.0
50.206613 26.272284 -100.5
50.206515 26.272288 -94.4
50.206602 26.272291 -99.7
50.206610 26.272301 -98.5
50.206512 26.272305 -93.8
50.206590 26.272307 -101.1
50.206501 26.272312 -93.7
50.206588 26.272315 -100.5
50.206598 26.272316 -99.4
50.206509 26.272322 -94.1
50.206596 26.272325 -99.0
50.206499 26.272329 -93.6
50.206576 26.272331 -99.0
50.205112 26.272333 -102.1
50.205101 26.272340 -102.7
50.206584 26.272341 -98.6
50.205110 26.272342 -100.9
50.206496 26.272346 -94.2
50.206573 26.272348 -98.7
50.205109 26.272350 -102.8
50.206562 26.272355 -98.1
50.206581 26.272358 -97.8
50.206483 26.272362 -93.2
50.206580 26.272366 -96.9
50.206482 26.272371 -95.5
50.206559 26.272372 -97.1
50.206567 26.272382 -97.1
50.206479 26.272388 -96.6
50.206547 26.272388 -96.6
50.206468 26.272395 -94.2
50.206544 26.272405 -97.8
50.206553 26.272407 -97.6
50.206465 26.272412 -96.8
50.206543 26.272414 -95.5
50.206552 26.272415 -95.3
50.206540 26.272431 -97.7
50.206549 26.272432 -97.3
50.206461 26.272438 -94.7
50.206548 26.272441 -98.2
50.206450 26.272445 -97.3
50.206527 26.272447 -98.2
50.206458 26.272455 -95.2
50.206525 26.272464 -98.7
50.206534 26.272465 -98.2
50.206446 26.272471 -96.5
50.206514 26.272471 -97.7
50.206435 26.272478 -98.1
50.206522 26.272481 -97.1
50.206433 26.272486 -96.8
50.206511 26.272488 -99.4
50.206520 26.272489 -97.0
50.206423 26.272494 -99.3
50.206509 26.272497 -100.1
50.206508 26.272505 -97.5
50.206497 26.272513 -97.9
50.206409 26.272518 -101.1
50.206505 26.272522 -97.9
50.206485 26.272528 -98.8
50.206504 26.272531 -99.3
50.206406 26.272535 -101.7
50.206493 26.272538 -100.7
50.206491 26.272547 -98.5
50.206480 26.272554 -100.4
50.206488 26.272564 -98.2
50.206391 26.272568 -101.7
50.206478 26.272571 -101.6
50.206487 26.272572 -98.7
50.206476 26.272580 -100.1
50.206475 26.272588 -97.7
50.206464 26.272595 -99.0
50.206462 26.272604 -99.1
50.206461 26.272613 -99.5
50.206450 26.272620 -99.9
50.206459 26.272621 -99.6
50.206449 26.272628 -97.1
50.206436 26.272644 -98.4
50.206446 26.272645 -99.6
50.206435 26.272653 -98.9
50.206444 26.272654 -98.9
50.206422 26.272668 -101.2
50.206421 26.272677 -102.1
50.206430 26.272678 -99.9
50.206429 26.272687 -101.4
50.206418 26.272694 -100.9
50.206417 26.272703 -101.8
50.206406 26.272710 -101.8
50.206415 26.272711 -102.0
50.206403 26.272727 -102.9
50.206412 26.272728 -103.5
50.206400 26.272744 -102.5
50.206410 26.272745 -101.1
50.206399 26.272753 -100.4
50.206386 26.272768 -100.6
50.206396 26.272770 -101.3
50.206385 26.272777 -102.0
50.206383 26.272786 -102.5
50.206382 26.272794 -102.6
50.206379 26.272811 -102.8
50.206368 26.272818 -103.2
50.206378 26.272820 -101.9
50.206365 26.272836 -103.9
50.206363 26.272853 -102.0
50.206360 26.272870 -102.0
50.206347 26.272886 -102.5
50.206346 26.272894 -101.9
50.206343 26.272911 -102.7
50.206331 26.272927 -104.7
50.206329 26.272936 -104.2
50.206326 26.272953 -105.1
50.206314 26.272968 -105.5
50.206311 26.272985 -105.8
50.206299 26.273001 -107.3
50.206298 26.273010 -108.3
