3001898	1829404	-64.83
3001680	1829466	-80.889
3001861	1829530	-72.68
3001911	1829548	-67.519
3001876	1829537	-73.75
3001701	1829470	-79.959
3001703	1829470	-79.9
3001904	1829546	-69.029
3001872	1829534	-74.239
3001699	1829475	-81.129
3001870	1829382	-68.059
3001707	1829476	-80.37
3001697	1829474	-81.72
3001909	1829548	-69.44
3001871	1829382	-68.29
3001701	1829477	-81.559
3001869	1829533	-74.76
3001883	1829539	-75.22
3001876	1829536	-75.339
3001913	1829548	-68.48
3001879	1829538	-75.339
3001698	1829470	-81.86
3001882	1829539	-75.449
3001689	1829468	-82.819
3001705	1829470	-81.22
3001683	1829466	-83.25
3001627	1829005	-81.099
3001831	1829353	-71.769
3001911	1829411	-66.87
3001901	1829546	-71.87
3001705	1829478	-82.29
3001707	1829470	-81.51
3001700	1829477	-82.849
3001575	1829244	-84.01
3001868	1829532	-75.599
3001881	1829538	-76.41
3001878	1829537	-76.819
3001705	1829477	-82.9
3001898	1829405	-68.43
3001709	1829473	-82.16
3001920	1829417	-67.339
3001917	1829548	-72.12
3001687	1829467	-84.3
3001563	1829172	-82.379
3001915	1829548	-73.269
3002535	1829665	-76.83
3001545	1829210	-83.61
3001857	1829386	-71.51
3001722	1829434	-78.239
3001877	1829387	-70.959
3002061	1829160	-72.87
3001868	1828992	-78.8
3001858	1829529	-76.529
3003018	1829999	-88.55
3001706	1829477	-83.55
3001883	1829540	-76.949
3001908	1829409	-68.559
3001863	1829531	-77.099
3002599	1829685	-83.639
3001887	1829395	-69.559
3001869	1829381	-71.18
3001951	1829531	-60.569
3001904	1829407	-69.12
3002344	1829029	-79.669
3002537	1829658	-77.839
3001855	1829388	-71.79
3001625	1829008	-83.79
3001918	1829548	-73.04
3001703	1829477	-84.73
3001706	1829480	-84.709
3001560	1829177	-84.11
3001875	1829385	-72.0
3001859	1829385	-73.949
3001917	1829415	-69.209
3001894	1829402	-70.36
3001709	1829475	-84.05
3001948	1829534	-61.659
3002598	1829684	-83.93
3001897	1829403	-70.23
3001954	1829528	-61.04
3001933	1829427	-68.86
3001828	1829632	-65.76
3001856	1829387	-72.69
3001907	1829547	-73.419
3001902	1829406	-70.18
3001873	1829383	-72.25
3001685	1829467	-86.51
3001707	1829477	-84.809
3001724	1829428	-77.459
3002135	1829458	-70.209
3001708	1829476	-84.73
3001557	1829183	-84.83
3001511	1829299	-87.62
3002162	1829128	-76.279
3001872	1829383	-72.519
3001548	1829202	-84.55
3002081	1829174	-74.319
3001945	1829537	-62.93
3001874	1829384	-72.699
3001924	1829420	-69.489
3001870	1829381	-72.639
3002800	1829450	-87.889
3002391	1829065	-81.209
3001623	1829011	-85.169
3001876	1828740	-92.459
3002539	1829658	-79.26
3001805	1829490	-70.01
3001990	1829493	-61.38
3001861	1829383	-75.29
3001959	1829522	-61.38
3001890	1829399	-71.489
3001921	1829548	-72.8
3002535	1829664	-79.309
3001886	1829394	-71.449
3001893	1829401	-71.47
3001808	1829481	-69.8
3001888	1829397	-71.65
3001882	1829391	-71.669
3001903	1829546	-74.94
3003013	1829987	-90.599
3002543	1829675	-79.769
3001962	1829520	-61.65
3001805	1829492	-70.47
3001942	1829540	-64.36
3001989	1829494	-61.779
3001773	1829323	-79.559
3001711	1829466	-84.68
3001882	1829538	-80.01
3001948	1829437	-64.72
3001996	1829001	-84.589
3001804	1829498	-71.069
3001807	1829482	-70.37
3001554	1829136	-86.239
3001901	1828760	-86.639
3001914	1829413	-70.98
3001987	1829495	-62.009
3001979	1829461	-68.239
3001551	1829196	-86.36
3002204	1829029	-89.819
3002545	1829676	-80.36
3001900	1829406	-71.9
3001896	1829402	-71.959
3001631	1829000	-86.349
3002255	1829310	-83.15
3001812	1829465	-75.169
3001709	1829474	-85.9
3002081	1829175	-75.589
3001702	1829490	-87.699
3001920	1829548	-74.319
3001906	1829408	-71.72
3001962	1829310	-72.449
3002809	1829444	-87.22
3002544	1829660	-80.62
3001941	1829433	-70.059
3001944	1829435	-65.55
3002437	1829099	-84.839
3001930	1829424	-70.9
3002594	1829683	-85.489
3002271	1828907	-85.559
3001957	1829525	-63.0
3001868	1829379	-74.169
3001862	1829380	-76.0
3001605	1829041	-89.91
3001708	1829471	-86.44
3002079	1829174	-76.269
3002503	1829653	-79.94
3002543	1829659	-81.059
3002069	1828812	-92.62
3001940	1829542	-66.11
3002229	1829054	-85.819
3002269	1829212	-77.91
3002210	1829039	-91.239
3001860	1829384	-77.279
3003017	1829998	-92.379
3001554	1829190	-87.349
3002084	1829174	-76.639
3002524	1829657	-80.87
3001896	1829545	-78.029
3001936	1829429	-71.629
3001867	1829002	-82.639
3001573	1829249	-90.419
3001923	1829549	-74.389
3001569	1829429	-90.83
3001866	1828997	-82.889
3002813	1829444	-87.97
3001570	1829256	-90.68
3001805	1829489	-72.18
3002136	1829231	-75.58
3002600	1829685	-87.69
3001557	1829138	-87.73
3001804	1829500	-72.879
3002065	1829163	-77.26
3001889	1829398	-73.809
3001484	1829299	-91.419
3001862	1829378	-76.529
3002234	1829057	-81.709
3002518	1829655	-81.139
3001829	1829352	-77.83
3002095	1829429	-68.19
3001794	1828676	-96.739
3001500	1829310	-90.94
3001629	1829002	-87.959
3001861	1829377	-76.54
3001812	1829467	-76.86
3001899	1829546	-78.319
3001869	1828990	-83.519
3001991	1829492	-63.979
3001709	1829471	-87.339
3002781	1829214	-88.15
3001926	1829422	-72.319
3002202	1829027	-91.66
3001862	1829382	-77.55
3001805	1829487	-72.599
3001835	1829347	-75.93
3002288	1829337	-80.819
3002937	1829426	-99.779
3002541	1829651	-82.099
3002063	1829181	-77.23
3002324	1829457	-75.879
3001856	1829529	-81.529
3001712	1829461	-86.48
3001715	1829455	-85.709
3002058	1829187	-77.04
3002816	1829444	-89.389
3002517	1829655	-81.669
3001805	1829504	-73.769
3002541	1829839	-84.279
3001895	1829402	-74.22
3001854	1829390	-74.83
3001939	1829432	-72.62
3002573	1829851	-84.75
3001807	1829483	-72.809
3002934	1829423	-99.029
3001862	1829379	-77.419
3002103	1829183	-82.959
3002068	1829178	-77.529
3001717	1829450	-85.4
3002101	1829433	-68.949
3001854	1829528	-81.459
3002391	1828893	-87.3
3001866	1828994	-84.0
3001974	1829507	-64.239
3001720	1829439	-84.349
3002106	1829437	-69.11
3002098	1829188	-84.169
3001874	1829385	-76.36
3001779	1828665	-96.93
3002536	1829667	-82.54
3001891	1829543	-79.58
3001899	1829405	-74.4
3002559	1829668	-83.239
3002466	1829276	-82.29
3002537	1829668	-82.69
3001870	1828987	-84.44
3002753	1829916	-89.16
3002219	1829042	-92.37
3002076	1829175	-78.01
3002106	1829185	-83.23
3001805	1829494	-73.529
3002268	1828908	-87.639
3002213	1829036	-92.36
3002206	1829031	-92.599
3002803	1829448	-90.79
3002657	1829881	-87.4
3002077	1829172	-78.3
3001771	1828770	-93.48
3002216	1829039	-92.559
3002215	1829043	-93.04
3001806	1829487	-73.55
3002773	1829355	-88.239
3001878	1829388	-76.58
3001897	1829545	-79.55
3002242	1829301	-85.9
3001932	1829547	-71.169
3001809	1829480	-73.33
3002538	1829669	-83.15
3002640	1829396	-85.779
3001804	1829502	-74.55
3002596	1829683	-87.849
3002938	1829427	-101.83
3003015	1829982	-94.22
3001478	1829297	-93.16
3002015	1829245	-75.769
3001896	1829544	-79.489
3002049	1829150	-84.269
3002520	1829656	-82.699
3002815	1829444	-90.15
3002408	1829176	-88.889
3001807	1829484	-73.68
3001719	1829444	-85.669
3002811	1829444	-89.919
3001552	1829134	-89.65
3001514	1829287	-91.989
3001848	1829525	-81.199
3001951	1829439	-68.01
3001727	1829421	-81.629
3002537	1829655	-83.279
3001802	1829220	-86.889
3001867	1828732	-96.25
3002103	1829713	-71.019
3002560	1829669	-84.029
3002258	1829313	-86.51
3002066	1829179	-78.55
3002196	1828909	-86.419
3001776	1828771	-94.36
3001994	1829490	-65.68
3002522	1829656	-83.019
3003017	1830004	-94.75
3003017	1829997	-94.699
3001834	1829354	-79.3
3002274	1828905	-88.26
3002542	1829659	-83.589
3002530	1829657	-83.269
3002146	1829116	-85.129
3001877	1829020	-84.44
3002547	1829660	-83.76
3002536	1829666	-83.54
3002063	1828925	-87.08
3001981	1829499	-65.519
3001806	1829486	-74.16
3002097	1829711	-71.129
3002114	1829718	-71.69
3001957	1829445	-72.959
3002225	1829050	-93.589
3002526	1829657	-83.309
3002047	1829202	-77.86
3001888	1829541	-80.089
3002346	1829272	-86.169
3002806	1829447	-91.43
3002542	1829650	-83.75
3002202	1828914	-86.639
3002673	1829886	-88.599
3001796	1829289	-79.769
3002342	1829268	-88.169
3002382	1829380	-79.889
3001846	1829524	-81.25
3002648	1829039	-92.139
3002474	1829264	-83.69
3001928	1829549	-74.12
3002606	1829687	-91.01
3002266	1829320	-87.069
3002003	1829480	-66.36
3002086	1829708	-71.199
3001554	1829423	-93.86
3002663	1829368	-87.029
3002099	1829180	-84.419
3001985	1829496	-65.79
3002097	1829179	-84.519
3002445	1829107	-93.309
3002905	1829393	-98.69
3001969	1829455	-72.73
3002652	1829033	-92.16
3001804	1829496	-74.849
3002072	1829169	-79.33
3002993	1830001	-94.819
3002326	1829456	-77.669
3001866	1829377	-78.23
3002696	1829583	-98.559
3001970	1829455	-72.639
3001876	1829387	-77.879
3002471	1829672	-82.169
3001972	1829509	-65.68
3002528	1829657	-83.66
3001931	1829548	-72.559
3001849	1829526	-82.26
3002348	1829797	-80.739
3001616	1829022	-89.989
3002220	1829047	-94.029
3002108	1829567	-68.239
3002050	1829198	-78.37
3002537	1829656	-83.949
3002470	1829270	-83.809
3002243	1829062	-89.75
3002356	1829417	-79.15
3002091	1829184	-83.04
3002273	1829518	-77.98
3002117	1829574	-68.72
3001926	1829549	-75.51
3002657	1829026	-92.3
3001617	1829019	-90.12
3002207	1828917	-87.139
3002130	1829454	-71.089
3002658	1829374	-87.22
3001574	1829431	-94.05
3002136	1829225	-78.54
3002515	1829654	-83.559
3001925	1829549	-76.19
3002101	1829561	-73.099
3001698	1828604	-101.36
3002092	1829710	-71.739
3001892	1829400	-76.3
3002327	1829795	-80.519
3002245	1829062	-91.319
3002108	1829187	-84.769
3002535	1829188	-86.529
3001880	1829389	-75.569
3002753	1829252	-89.819
3002247	1829064	-93.05
3002695	1829451	-87.809
3001885	1829540	-80.639
3002172	1829248	-88.22
3001884	1829392	-76.41
3002227	1829048	-92.709
3002069	1829166	-79.98
3001822	1829245	-81.58
3001821	1829248	-81.22
3001927	1828945	-89.459
3002095	1829186	-86.12
3001614	1829025	-90.379
3001827	1829350	-80.43
3001887	1829540	-80.48
3002090	1829425	-70.849
3002539	1829652	-84.43
3002397	1828898	-89.3
3002087	1829175	-79.839
3001731	1829408	-81.699
3001983	1829497	-66.43
3002337	1829440	-78.79
3002530	1829193	-86.58
3001852	1829392	-74.73
3002461	1829282	-83.98
3002517	1829830	-85.91
3001865	1829375	-78.62
3002136	1829228	-78.76
3002223	1829045	-94.129
3002900	1829389	-99.349
3002289	1829228	-91.08
3001996	1829488	-66.879
3002000	1829486	-66.97
3001856	1829366	-75.01
3001963	1829450	-75.279
3002618	1829685	-90.23
3002104	1829564	-68.72
3002365	1829404	-80.11
3002547	1829677	-85.01
3002812	1829444	-91.29
3001934	1829546	-72.019
3002651	1829036	-93.059
3002945	1829434	-101.98
3002647	1829388	-87.529
3003044	1829674	-96.639
3001922	1829549	-78.25
3002147	1829630	-73.44
3002918	1829408	-100.209
3002209	1829033	-94.44
3001821	1829250	-81.8
3002448	1829110	-89.37
3002200	1829031	-95.069
3001929	1828948	-89.889
3001924	1828943	-89.449
3001977	1829097	-89.569
3001964	1829309	-76.559
3003040	1829643	-99.79
3002003	1829486	-67.26
3001833	1829346	-79.339
3001806	1829223	-83.93
3001602	1829045	-94.01
3002120	1829575	-69.669
3002074	1829176	-80.169
3002397	1829070	-86.91
3001859	1828725	-97.04
3002589	1829682	-89.059
3002135	1829222	-79.36
3001970	1829511	-66.699
3002808	1829444	-91.819
3002457	1829287	-84.279
3002536	1829660	-84.93
3002927	1829416	-100.29
3001784	1828767	-96.26
3002712	1829428	-88.76
3002134	1829237	-78.919
3002072	1828816	-95.25
3002018	1829018	-90.4
3002220	1828763	-95.93
3002743	1829264	-90.319
3001895	1829544	-81.61
3002201	1829025	-92.889
3002251	1829307	-88.0
3001977	1829460	-73.459
3002584	1829679	-86.349
3002841	1829264	-91.91
3001851	1829394	-75.93
3002936	1829424	-102.139
3001729	1829415	-82.87
3002613	1829061	-94.22
3001807	1829486	-75.61
3002088	1829175	-80.54
3002070	1829541	-77.23
3001601	1829046	-94.26
3002205	1829035	-95.36
3002652	1829381	-88.019
3002363	1829407	-80.54
3002167	1829245	-87.29
3002054	1828914	-90.589
3001889	1829542	-81.9
3002061	1828806	-96.93
3002775	1829352	-90.519
3002383	1829378	-81.43
3002385	1829061	-87.19
3002587	1829681	-88.47
3002615	1829686	-92.029
3002236	1828949	-87.97
3002067	1829328	-75.059
3001968	1829454	-74.209
3001891	1829542	-81.769
3002104	1829083	-83.51
3001884	1829540	-80.709
3002250	1829065	-93.949
3001804	1829222	-87.279
3001964	1829451	-76.01
3002433	1829296	-83.959
3002044	1829206	-79.4
3002106	1829565	-69.55
3002071	1829324	-75.349
3001886	1829540	-81.669
3001835	1829423	-76.54
3002990	1829999	-96.3
3001822	1829246	-82.55
3002278	1828902	-91.26
3001562	1829140	-91.4
3001929	1829549	-75.269
3002558	1829502	-85.709
3002052	1829153	-85.16
3002065	1828809	-97.319
3001601	1829045	-94.589
3001825	1828714	-93.819
3001922	1828941	-90.29
3002246	1829304	-88.43
3001862	1829381	-80.98
3001831	1829345	-80.199
3002647	1829516	-88.089
3001975	1829297	-75.98
3001822	1829247	-82.669
3002059	1828921	-89.08
3001976	1829505	-67.43
3001836	1829422	-77.26
3002796	1829455	-96.419
3002102	1829563	-69.65
3002330	1829449	-79.66
3002015	1829488	-68.15
3002112	1829442	-72.22
3001965	1829517	-67.529
3001893	1829543	-82.209
3002921	1829411	-101.22
3001840	1829621	-67.279
3002101	1829181	-86.239
3001880	1828743	-99.019
3002855	1829251	-92.959
3002581	1829473	-86.769
3002335	1829443	-79.959
3002074	1829319	-75.959
3002275	1829327	-88.97
3002439	1829102	-94.669
3002414	1829822	-84.55
3002558	1829668	-86.319
3002387	1829307	-83.069
3002352	1829797	-82.629
3002102	1829190	-87.26
3002262	1829317	-89.029
3001601	1829045	-94.87
3002099	1829560	-75.43
3002091	1828837	-90.25
3001841	1828713	-93.629
3001503	1829321	-94.08
3001843	1829406	-76.72
3001859	1829370	-78.029
3001976	1828984	-88.809
3002879	1829369	-95.769
3002001	1829478	-68.48
3002151	1828876	-89.419
3002912	1829401	-101.059
3002079	1828821	-91.309
3002017	1829128	-90.769
3002040	1829210	-79.76
3001999	1829487	-68.22
3001893	1829544	-82.86
3001994	1829272	-77.33
3001927	1829549	-76.819
3001894	1829544	-82.69
3002387	1829366	-82.379
3001856	1829369	-76.349
3001993	1829491	-68.12
3001805	1829277	-83.239
3001852	1829527	-84.669
3001836	1829420	-77.16
3001987	1829280	-77.08
3002283	1829334	-86.319
3001935	1829544	-72.65
3002063	1829332	-76.76
3002213	1828989	-90.389
3002367	1829381	-81.76
3002896	1829385	-98.41
3002284	1828896	-93.599
3002060	1829336	-77.069
3002279	1829330	-88.139
3002276	1828904	-91.23
3002264	1829673	-79.91
3002076	1828819	-94.87
3002360	1829410	-81.33
3001821	1829252	-83.269
3002058	1829158	-83.83
3002175	1829251	-89.91
3002048	1829392	-75.769
3002823	1829291	-92.61
3001778	1829316	-86.209
3002096	1829557	-76.849
3001766	1829335	-85.849
3002105	1829192	-87.54
3001780	1828770	-97.33
3001782	1829311	-84.79
3001871	1828985	-88.059
3001978	1829293	-76.779
3003053	1829649	-101.309
3001855	1828723	-97.699
3001813	1828692	-100.199
3001734	1829401	-84.169
3001875	1829018	-87.25
3002210	1828993	-90.779
3002093	1829177	-83.51
3002198	1829014	-91.709
3001870	1829010	-87.41
3002056	1829155	-82.209
3002766	1829234	-92.16
3002380	1829383	-82.4
3002207	1829276	-88.529
3002376	1829389	-82.25
3002379	1829163	-87.489
3002344	1829797	-83.059
3002040	1829366	-80.08
3001815	1829459	-76.93
3001837	1829419	-77.559
3001846	1828716	-95.97
3002930	1829200	-94.889
3001814	1829462	-76.86
3002599	1829583	-87.769
3001783	1828668	-100.75
3002716	1829424	-90.269
3001768	1829196	-92.279
3002025	1828789	-96.73
3001805	1829506	-78.139
3002386	1829169	-91.889
3001778	1828771	-97.55
3002653	1829018	-94.61
3001998	1829487	-68.87
3002776	1829221	-92.66
3002483	1829255	-86.79
3002321	1829460	-80.169
3002654	1829031	-94.849
3002238	1829299	-86.919
3002367	1829401	-82.139
3002190	1828905	-89.66
3001854	1829367	-77.04
3002748	1829258	-92.01
3002339	1829437	-81.0
3002254	1829201	-91.75
3001966	1829452	-75.55
3001857	1829369	-77.48
3002353	1829420	-81.62
3003013	1829992	-97.769
3002154	1829122	-87.36
3002758	1829246	-92.3
3002788	1829465	-101.01
3001902	1828946	-92.22
3002443	1829105	-96.029
3002300	1829476	-79.379
3001960	1829447	-75.809
3001532	1829240	-94.989
3001814	1829264	-83.98
3002561	1829670	-87.339
3002771	1829227	-92.69
3002964	1829576	-101.9
3002479	1829259	-86.809
3002010	1829012	-86.97
3003018	1830003	-97.989
3001830	1829344	-81.309
3002076	1829415	-79.879
3002401	1829321	-84.23
3001923	1829550	-80.36
3002087	1828830	-91.339
3001560	1829139	-92.809
3002410	1829326	-84.4
3002134	1828862	-90.58
3001984	1829284	-77.68
3002280	1829499	-78.58
3002045	1829147	-87.879
3002556	1829666	-87.26
3001962	1829449	-75.889
3002130	1829244	-80.389
3001547	1829325	-97.319
3001545	1829338	-102.12
3002089	1828833	-91.33
3002443	1829130	-90.73
3001860	1829373	-80.19
3001924	1829549	-79.3
3002083	1828857	-91.959
3002088	1828849	-91.949
3002539	1829670	-86.949
3002611	1829687	-93.919
3001835	1828724	-95.059
3001795	1829605	-85.94
3002001	1829486	-69.25
3002833	1829112	-97.319
3002711	1829430	-90.589
3002116	1829264	-79.599
3002358	1829413	-82.069
3001971	1829456	-75.61
3002293	1829583	-85.849
3002585	1829680	-88.949
3001801	1828682	-102.75
3001980	1829463	-74.349
3001816	1829457	-77.559
3002873	1829231	-94.62
3002415	1829823	-85.76
3002437	1829289	-85.739
3002002	1829486	-69.33
3002846	1829259	-93.93
3002839	1829266	-93.72
3002111	1828843	-91.279
3001892	1829542	-83.16
3002852	1829253	-94.15
3002844	1829262	-93.9
3001809	1829478	-77.25
3002686	1829462	-90.4
3001811	1829471	-81.709
3001998	1829268	-78.709
3002125	1829450	-73.9
3001981	1829288	-77.839
3002441	1829134	-90.76
3001519	1829275	-95.529
3001834	1829425	-78.29
3002915	1829404	-102.419
3001890	1829542	-83.86
3002195	1829027	-93.199
3002071	1829177	-82.349
3002634	1829403	-89.669
3002161	1828884	-90.61
3001845	1829403	-77.529
3002199	1829022	-92.879
3002318	1828836	-93.819
3001937	1829543	-73.12
3002061	1829184	-82.15
3001852	1829365	-77.72
3001997	1828823	-94.059
3002656	1829028	-95.43
3001917	1828937	-92.23
3001862	1829373	-81.169
3001828	1829351	-83.279
3002187	1829148	-84.37
3001813	1829464	-82.25
3002043	1829511	-69.73
3002409	1829325	-84.91
3001915	1828933	-92.23
3001959	1829311	-79.819
3001927	1828780	-93.54
3002666	1829363	-90.66
3002147	1829628	-75.379
3002188	1829260	-89.47
3002056	1828894	-92.089
3002140	1828867	-91.12
3002146	1828871	-91.059
3002837	1829269	-94.08
3002204	1829272	-89.449
3002090	1829552	-78.61
3002786	1829207	-93.809
3001505	1829315	-94.05
3002095	1829178	-86.29
3001860	1829376	-81.529
3001845	1829361	-78.36
3001816	1829516	-80.54
3001501	1829326	-96.889
3002665	1829884	-92.239
3002113	1829268	-80.059
3001810	1829476	-81.9
3002762	1829239	-93.279
3002299	1829477	-80.19
3002013	1829125	-92.66
3002465	1829680	-88.08
3002809	1829308	-93.769
3002428	1829093	-89.47
3001991	1829276	-78.83
3001737	1829395	-85.019
3002137	1829109	-87.889
3002128	1829102	-87.37
3001918	1828938	-92.55
3001867	1829378	-81.989
3001838	1829416	-78.75
3002135	1829234	-81.639
3001600	1829047	-96.739
3002567	1829671	-88.44
3002342	1829434	-82.15
3002884	1829217	-95.589
3001955	1829443	-75.62
3002193	1829658	-79.669
3002091	1828840	-92.4
3002411	1829175	-93.15
3002422	1829162	-92.069
3002236	1829055	-87.769
3002753	1829380	-92.489
3002374	1829294	-84.94
3002200	1829269	-89.809
3002126	1829578	-77.989
3002303	1829238	-93.489
3002305	1829477	-80.639
3002088	1829550	-78.819
3001822	1829243	-85.01
3001982	1829100	-92.68
3002378	1829386	-83.779
3002628	1829411	-90.16
3001831	1829618	-69.449
3002697	1829449	-91.33
3002041	1829144	-87.139
3002094	1829555	-79.12
3002295	1829585	-86.819
3002419	1829086	-89.709
3002335	1829419	-82.26
3002431	1829148	-91.519
3002822	1829293	-94.33
3001498	1829306	-97.099
3001840	1829412	-78.97
3001858	1829371	-79.75
3002448	1829700	-89.639
3001849	1829396	-78.69
3001840	1829413	-79.0
3001871	1828736	-103.3
3002832	1829112	-98.72
3002039	1829368	-81.989
3002070	1828931	-91.559
3002443	1829282	-86.98
3002751	1829383	-92.69
3001856	1829364	-78.41
3002910	1829398	-103.01
3002907	1829396	-103.01
3002086	1828853	-93.15
3002432	1829096	-89.91
3001832	1829521	-80.47
3001820	1829254	-85.239
3001770	1829329	-87.75
3002137	1829219	-82.529
3002066	1829541	-81.55
3001991	1829614	-71.54
3001824	1829447	-79.54
3002491	1829243	-88.569
3001904	1828944	-93.47
3001872	1829015	-89.019
3002058	1828891	-92.58
3002033	1829219	-82.839
3002366	1829287	-85.19
3002696	1829449	-91.55
3001953	1829441	-72.639
3002191	1829263	-90.25
3001821	1829518	-79.75
3001822	1828716	-96.489
3002072	1829412	-81.199
3002588	1829681	-91.23
3001509	1829303	-96.93
3001983	1829464	-71.26
3003043	1829644	-103.05
3001804	1828685	-103.94
3002287	1829487	-80.26
3002645	1829043	-96.449
3002685	1829338	-94.29
3002057	1828918	-91.529
3001844	1829355	-79.239
3001825	1829349	-84.279
3001860	1829372	-81.309
3001813	1829515	-81.04
3002074	1828868	-91.989
3002057	1828803	-98.589
3001812	1829469	-83.349
3001838	1829417	-79.339
3002604	1829444	-89.919
3002389	1828917	-92.69
3001839	1829414	-79.36
3002834	1829112	-98.309
3001846	1829401	-78.699
3002474	1829669	-86.54
3002282	1829222	-92.62
3002087	1829070	-86.8
3002112	1829089	-86.309
3002339	1829025	-90.91
3002672	1829619	-100.919
3001973	1829457	-76.83
3001783	1828769	-99.55
3002337	1829264	-94.18
3001822	1829244	-85.62
3002131	1829242	-82.0
3001825	1828713	-96.589
3001985	1829465	-71.449
3002199	1829011	-93.589
3002085	1829547	-79.22
3002351	1829423	-83.209
3002688	1829460	-91.73
3001931	1828783	-94.47
3002083	1829546	-79.319
3002055	1829190	-83.059
3002940	1829429	-106.779
3002306	1829477	-81.279
3001763	1829342	-88.29
3002144	1829225	-82.8
3002091	1829176	-83.8
3002672	1829483	-91.309
3002591	1829682	-92.44
3002438	1829312	-86.93
3002448	1829276	-87.629
3002068	1829409	-81.61
3001847	1829356	-79.339
3002268	1829064	-96.05
3001819	1829257	-85.8
3001933	1828951	-93.449
3002879	1829224	-96.25
3002098	1829559	-78.25
3001613	1829028	-94.459
3002592	1829682	-92.489
3001784	1829205	-92.779
3002248	1829065	-97.23
3001844	1829405	-78.79
3003000	1829608	-100.04
3001920	1828940	-93.389
3002744	1829390	-93.169
3002163	1829241	-90.48
3001816	1828728	-97.47
3001889	1828750	-101.449
3001839	1829415	-79.669
3001971	1829301	-78.83
3001968	1828816	-94.559
3002141	1829222	-83.069
3001811	1829473	-83.18
3002120	1829447	-75.279
3002150	1829637	-78.669
3002090	1828843	-93.449
3001771	1829197	-94.0
3002642	1829524	-91.0
3002834	1829113	-97.739
3001848	1829397	-79.089
3001936	1828787	-94.66
3002567	1829672	-89.44
3002086	1829549	-79.83
3001983	1828990	-89.629
3002707	1829435	-92.319
3002372	1829394	-84.41
3002878	1829365	-97.949
3002033	1829029	-96.55
3002446	1829126	-92.55
3001988	1829620	-72.94
3001971	1828820	-93.83
3002040	1829034	-96.5
3001767	1828768	-99.739
3002184	1829257	-90.739
3002184	1828739	-99.68
3001996	1828826	-95.66
3002189	1829023	-94.83
3002612	1829687	-95.72
3003049	1829666	-101.879
3002085	1829177	-84.019
3002061	1828887	-93.089
3001989	1828996	-92.68
3001809	1829513	-81.379
3002719	1829421	-92.65
3002701	1829444	-92.339
3002357	1829393	-85.04
3001815	1829461	-79.16
3001769	1828769	-99.76
3001744	1829382	-85.65
3002553	1829663	-89.18
3002294	1829097	-88.589
3002388	1829367	-85.239
3001786	1828766	-100.139
3002435	1829144	-92.199
3002369	1829374	-84.699
3001811	1829625	-83.05
3002741	1829393	-93.389
3001806	1829509	-80.849
3002019	1829240	-81.599
3001545	1829335	-102.459
3001968	1829514	-70.589
3002076	1829315	-79.239
3002093	1829553	-79.809
3002080	1829545	-79.98
3002000	1829477	-71.519
3002369	1829378	-84.68
3001839	1829522	-81.839
3002371	1829375	-84.779
3002700	1829444	-92.47
3001837	1829522	-81.87
3001872	1828983	-90.779
3002371	1829371	-84.9
3002196	1829659	-80.959
3002450	1829115	-92.3
3001882	1829025	-89.68
3002036	1829505	-71.389
3002657	1829024	-97.12
3001826	1828701	-96.989
3002029	1829136	-85.419
3002924	1829414	-104.269
3001757	1828649	-103.05
3002386	1829364	-85.449
3002030	1829224	-84.459
3001843	1829407	-79.949
3002328	1829453	-82.93
3001832	1829429	-80.25
3001947	1829074	-87.849
3002333	1829446	-83.169
3002196	1829266	-91.16
3002254	1829066	-97.449
3001819	1828723	-97.739
3001842	1829409	-80.08
3002680	1829345	-95.08
3001765	1829196	-94.33
3002053	1829194	-83.629
3002833	1829273	-95.69
3001603	1829045	-98.26
3002898	1829194	-97.239
3001970	1828818	-94.33
3002547	1829149	-95.879
3002021	1829131	-92.489
3002350	1829033	-92.79
3001868	1829005	-90.389
3002382	1828923	-93.47
3001955	1829081	-89.099
3002388	1829368	-85.629
3002036	1829375	-83.669
3002156	1828880	-92.73
3002013	1829487	-71.68
3001821	1829451	-80.629
3002824	1829289	-95.769
3002565	1829625	-89.779
3001832	1829633	-74.48
3001975	1829459	-77.779
3002065	1829406	-82.459
3002116	1828848	-93.459
3001811	1829514	-82.01
3002876	1829228	-97.04
3002937	1829425	-106.699
3002275	1829217	-86.12
3003016	1829996	-100.5
3002090	1828846	-94.4
3002355	1829396	-85.849
3002738	1829396	-93.83
3001843	1828713	-97.11
3002464	1829069	-101.519
3001822	1829242	-86.54
3002390	1829310	-86.73
3002791	1829201	-95.9
3001820	1828720	-97.98
3002554	1829664	-89.839
3002146	1829615	-78.949
3002177	1829013	-98.059
3001763	1829200	-94.809
3002449	1829112	-92.739
3002086	1829303	-80.449
3002385	1829376	-85.76
3002393	1828892	-94.379
3002288	1829485	-81.65
3001741	1829389	-86.629
3002447	1829123	-93.239
3002765	1829365	-94.69
3002227	1828768	-100.199
3002568	1829672	-90.319
3002536	1829657	-89.419
3002542	1829524	-89.33
3001826	1829350	-85.669
3002132	1829213	-90.18
3002001	1829263	-81.379
3002274	1829059	-96.73
3002037	1829374	-83.94
3002396	1829341	-86.569
3002933	1829421	-105.449
3001500	1829312	-98.76
3002119	1829096	-88.199
3002031	1829501	-72.019
3002314	1829247	-91.129
3002075	1828934	-93.19
3002183	1829018	-98.269
3002370	1829397	-85.29
3002348	1829426	-84.379
3002840	1829130	-97.4
3002218	1829172	-86.51
3002400	1829336	-86.83
3002298	1829100	-95.66
3002058	1829339	-80.889
3002446	1829648	-87.08
3002902	1829391	-104.529
3001936	1828954	-94.65
3002374	1829391	-85.51
3001500	1829314	-96.97
3001898	1829545	-85.989
3002285	1829490	-81.73
3002819	1829297	-96.19
3002006	1829482	-72.22
3001972	1828833	-94.58
3002320	1829251	-91.3
3002882	1829221	-97.58
3002025	1829024	-96.9
3002214	1829667	-83.879
3002373	1829159	-93.37
3001938	1829068	-94.199
3002129	1829580	-80.089
3002566	1829671	-90.51
3002648	1829515	-92.269
3001972	1828822	-94.879
3002300	1829588	-88.739
3002286	1829489	-81.839
3002382	1829166	-90.94
3001822	1829347	-85.94
3001849	1829624	-69.87
3001599	1829047	-98.849
3002849	1829256	-96.86
3002082	1829307	-80.589
3002274	1829083	-98.279
3002339	1829797	-86.4
3002739	1829270	-94.97
3001863	1829374	-83.839
3002536	1829530	-89.489
3002386	1828920	-94.22
3002298	1829477	-82.449
3002114	1829572	-74.33
3001766	1828655	-104.379
3001818	1829455	-80.48
3002271	1829062	-97.25
3002334	1829130	-89.589
3001917	1828936	-94.879
3001820	1829236	-85.55
3002043	1829361	-83.099
3002651	1829018	-97.959
3002106	1829276	-82.089
3001829	1829520	-83.849
3001920	1828774	-96.26
3001805	1829507	-81.639
3002042	1829363	-83.319
3001987	1829104	-94.639
3002790	1829330	-95.489
3002151	1829638	-79.879
3001826	1829342	-84.68
3001915	1828932	-94.86
3002116	1829573	-74.519
3001752	1828646	-103.9
3002291	1829039	-98.059
3001825	1829342	-84.839
3002968	1829455	-108.01
3002114	1829192	-85.08
3002817	1829299	-96.43
3001842	1829523	-83.379
3002770	1829358	-95.129
3002922	1829193	-98.36
3002701	1829442	-93.569
3002109	1829568	-74.26
3001823	1828699	-98.139
3002415	1829686	-93.73
3002899	1829193	-98.139
3002698	1829448	-93.559
3002913	1829188	-98.29
3002052	1828907	-95.33
3002837	1829138	-97.69
3002812	1829305	-96.379
3002706	1829436	-93.72
3002342	1829412	-86.69
3002545	1829647	-90.199
3002702	1829442	-93.68
3002179	1829254	-92.239
3002399	1829319	-87.559
3002807	1829311	-96.25
3001763	1829203	-95.94
3002272	1829520	-84.16
3002044	1829546	-74.989
3002695	1829326	-96.029
3002767	1829494	-106.589
3002296	1829233	-91.05
3002393	1829312	-87.519
3002290	1829484	-82.389
3002023	1828790	-100.22
3003025	1829632	-104.8
3002748	1829384	-94.779
3002389	1829350	-86.879
3002425	1829323	-88.19
3002004	1829006	-90.66
3002384	1829304	-87.449
3001756	1829212	-96.029
3002824	1829155	-97.559
3002547	1829646	-90.37
3002310	1829595	-88.769
3002692	1829455	-93.669
3002129	1828857	-94.129
3002231	1829052	-93.589
3001759	1829207	-95.819
3001821	1829251	-87.33
3001830	1828730	-98.72
3002414	1829082	-92.269
3002701	1829577	-104.94
3003040	1829681	-100.3
3002022	1829235	-83.25
3001760	1829207	-96.11
3002202	1829662	-83.809
3002655	1829020	-98.44
3002373	1828879	-105.25
3001836	1829356	-82.949
3001603	1829044	-99.459
3002326	1829256	-92.019
3002059	1829400	-83.48
3002655	1829019	-98.41
3001822	1829242	-87.51
3002364	1829384	-85.97
3001823	1829341	-85.339
3001807	1828687	-105.26
3001821	1829341	-85.62
3002898	1829387	-105.099
3001847	1829399	-80.779
3002714	1829426	-94.19
3002038	1829369	-84.55
3003010	1829618	-103.569
3001819	1829453	-81.15
3001995	1829489	-72.66
3002933	1829423	-107.089
3002364	1829379	-86.11
3002122	1829205	-90.959
3002055	1829397	-83.639
3002746	1829387	-95.169
3002036	1829504	-72.94
3002413	1829319	-88.29
3002562	1829670	-91.139
3002550	1829642	-90.709
3002905	1829188	-98.699
3001763	1829201	-96.0
3002804	1829314	-96.55
3002388	1829372	-86.889
3001820	1829255	-87.83
3001972	1828831	-95.449
3002344	1829432	-85.099
3001818	1829518	-82.22
3002287	1829647	-85.93
3002128	1829208	-90.8
3002310	1828859	-97.419
3002015	1829489	-73.029
3002428	1829153	-94.449
3002284	1829492	-82.58
3002767	1829362	-95.629
3002143	1828783	-103.94
3002216	1828985	-94.8
3002319	1829602	-86.0
3002047	1829040	-96.529
3002207	1828997	-95.26
3001788	1828764	-101.819
3002657	1829506	-93.349
3001763	1829199	-95.91
3002297	1829477	-83.22
3002417	1829169	-95.519
3002315	1828833	-96.019
3002140	1829463	-82.269
3002240	1829058	-90.73
3001830	1829435	-81.93
3002954	1829225	-105.94
3001847	1829640	-70.489
3002657	1829021	-98.8
3001789	1829209	-94.739
3002590	1829682	-94.8
3002286	1828893	-98.25
3001878	1828975	-93.97
3001999	1829475	-73.489
3002033	1829502	-73.199
3002007	1829486	-73.19
3002011	1829487	-73.18
3001808	1829511	-83.059
3002053	1828910	-96.099
3002329	1829125	-90.55
3002306	1829476	-83.68
3002403	1829323	-88.269
3001764	1829197	-95.959
3002948	1829436	-106.66
3002033	1829139	-89.91
3002670	1829358	-94.209
3001828	1828713	-98.989
3002426	1829157	-94.9
3002656	1829507	-93.51
3002408	1829814	-89.309
3002174	1829490	-78.51
3002294	1829479	-83.279
3002270	1829324	-94.209
3002633	1829538	-93.029
3002930	1829418	-106.12
3001821	1829237	-87.37
3002233	1829183	-87.75
3001824	1829518	-82.309
3001815	1828731	-99.889
3002544	1829175	-93.4
3002665	1829495	-93.779
3001826	1829442	-81.989
3002037	1829214	-84.599
3002345	1829429	-85.55
3002444	1829303	-89.69
3002118	1828967	-92.33
3001863	1828729	-103.72
3002193	1829504	-79.33
3002079	1829311	-81.519
3003018	1830001	-102.18
3001809	1829272	-88.239
3001950	1828799	-102.589
3002960	1829229	-106.279
3001757	1829209	-96.5
3002399	1828903	-95.739
3002392	1829345	-87.819
3001978	1829502	-72.83
3002828	1829281	-97.47
3002232	1828772	-101.639
3002366	1829377	-86.76
3003003	1829612	-102.43
3002305	1829475	-83.9
3001821	1829345	-86.959
3002629	1829543	-92.97
3002667	1829492	-93.959
3001914	1828929	-95.76
3002669	1829488	-94.01
3002239	1829676	-86.419
3002813	1829171	-98.12
3002332	1829423	-85.319
3002800	1829189	-98.589
3002303	1829458	-84.04
3002269	1829669	-82.97
3001850	1829642	-71.739
3002119	1829261	-83.9
3001621	1829013	-97.01
3001823	1829342	-86.209
3002408	1829326	-88.66
3002078	1828864	-94.959
3002109	1829194	-86.089
3001946	1828796	-102.769
3001795	1828758	-101.669
3002959	1829446	-109.36
3001825	1829445	-82.97
3002310	1829016	-98.879
3002112	1829197	-86.05
3001818	1828696	-99.44
3002305	1828867	-98.129
3001811	1829268	-88.37
3002257	1829067	-99.419
3002145	1828988	-93.43
3002370	1829291	-88.29
3002037	1829141	-90.18
3001827	1829439	-82.43
3001822	1829449	-82.41
3001827	1828713	-99.37
3002344	1829408	-88.16
3002452	1829293	-90.279
3002319	1829463	-84.68
3002116	1829200	-86.069
3002067	1828928	-94.83
3001885	1829027	-91.87
3002668	1829490	-94.169
3002501	1829207	-92.61
3002146	1829601	-81.349
3002049	1829350	-83.449
3001834	1828706	-99.15
3002385	1829364	-87.669
3002046	1829515	-73.699
3002081	1829418	-79.349
3001763	1829198	-96.43
3002870	1829235	-98.889
3002198	1829016	-96.76
3002424	1829090	-93.169
3002227	1829672	-84.529
3001915	1828770	-97.699
3002122	1828853	-95.3
3002907	1829188	-99.5
3002244	1829677	-86.279
3002152	1829638	-81.169
3002159	1829237	-93.319
3001821	1829346	-87.43
3002180	1829652	-82.48
3002020	1829491	-73.8
3001900	1828949	-97.05
3002809	1829177	-98.33
3002090	1829297	-82.61
3002148	1829228	-88.05
3002037	1829372	-85.669
3001833	1829427	-82.559
3001973	1828829	-96.349
3002062	1829403	-84.55
3001657	1829458	-95.01
3002005	1829480	-74.019
3001835	1828707	-99.33
3002315	1829599	-88.98
3001828	1829344	-86.279
3002022	1828791	-100.44
3001849	1829358	-82.25
3002373	1829373	-87.47
3001764	1829198	-96.769
3001823	1829348	-87.709
3002269	1829080	-100.139
3003050	1829647	-106.54
3002303	1829476	-84.319
3002635	1829534	-93.75
3001828	1829437	-82.879
3001954	1829312	-84.169
3002438	1829139	-93.5
3001540	1829347	-104.389
3002261	1829074	-100.099
3001815	1829458	-82.169
3002194	1829154	-88.599
3002404	1829331	-88.949
3002258	1829543	-85.05
3002491	1829589	-89.98
3002067	1828878	-95.129
3002265	1829077	-100.11
3002008	1829253	-83.8
3001964	1828811	-103.339
3002055	1829046	-91.889
3002496	1829215	-94.3
3001847	1829362	-82.339
3001821	1829344	-87.349
3002160	1829642	-80.489
3002298	1828876	-98.809
3002673	1829481	-94.54
3001832	1828713	-99.68
3002878	1829357	-105.339
3001762	1829204	-97.379
3002167	1828888	-95.01
3002075	1829542	-82.849
3002910	1829188	-99.889
3002012	1829487	-74.089
3001816	1829261	-88.959
3002281	1828899	-98.319
3001990	1829469	-74.629
3002041	1829386	-83.55
3002418	1829314	-89.699
3001429	1829282	-104.48
3001580	1829044	-104.68
3001973	1828824	-96.769
3001835	1828720	-99.819
3001849	1829364	-82.36
3002825	1829288	-98.239
3002038	1829371	-85.94
3002005	1829486	-74.15
3001823	1829340	-86.54
3002012	1829582	-73.66
3002807	1829445	-98.569
3001841	1829410	-82.839
3001838	1829357	-83.029
3002219	1829525	-83.4
3002260	1829067	-99.91
3002676	1829350	-97.68
3001943	1828794	-102.5
3002306	1829475	-84.699
3002805	1829183	-98.97
3002648	1829019	-99.919
3002054	1828899	-96.73
3001973	1828826	-96.819
3001939	1828790	-97.73
3002277	1829056	-98.76
3002721	1829419	-95.73
3002052	1829346	-83.69
3002374	1829369	-87.889
3001522	1829268	-100.98
3001800	1829219	-95.58
3002779	1829345	-97.26
3001930	1828913	-95.05
3002055	1829343	-83.379
3002547	1829516	-91.79
3002414	1829327	-89.529
3002026	1829134	-88.339
3002674	1829478	-94.819
3001959	1829446	-80.98
3002791	1829461	-106.319
3001840	1829411	-82.98
3001852	1829643	-72.849
3001838	1828708	-99.699
3002021	1828792	-100.11
3001849	1828718	-101.089
3002178	1829651	-82.86
3002377	1829297	-89.099
3002298	1829586	-90.779
3002540	1829181	-94.279
3002234	1828958	-95.629
3002815	1829302	-98.3
3002037	1829380	-86.489
3002662	1829500	-94.72
3002110	1829271	-84.319
3002793	1829327	-97.58
3002204	1829001	-96.73
3002387	1829374	-88.279
3002020	1828792	-99.239
3001948	1829311	-85.069
3002700	1829319	-97.54
3002302	1829476	-84.72
3001854	1829362	-82.5
3003023	1829962	-102.949
3002036	1829379	-86.569
3002010	1829486	-74.419
3002797	1829321	-97.8
3001960	1829084	-92.819
3001831	1829434	-83.16
3002093	1829293	-83.43
3002592	1829110	-97.94
3002468	1829071	-102.43
3001969	1829304	-82.16
3001810	1829226	-87.94
3002570	1829488	-92.68
3002016	1829489	-74.519
3002122	1829200	-88.48
3001966	1829307	-83.389
3002130	1829211	-92.629
3002026	1829229	-87.4
3002221	1829671	-85.66
3002607	1829571	-93.639
3002660	1829503	-94.839
3002939	1829427	-110.629
3001604	1829043	-101.22
3002011	1829249	-84.47
3002729	1829408	-96.29
3002086	1828944	-94.08
3002894	1829202	-100.16
3002045	1829357	-84.889
3001871	1829013	-93.139
3002180	1829494	-80.01
3002398	1828908	-97.36
3001763	1829202	-97.769
3001918	1828919	-96.379
3002170	1829007	-101.029
3002065	1829540	-81.809
3002609	1829569	-93.779
3002291	1829581	-88.699
3001814	1829516	-85.169
3002088	1829180	-87.44
3002064	1828882	-96.319
3002144	1829595	-82.25
3001770	1828658	-106.639
3002034	1829504	-74.61
3002395	1828895	-97.069
3002198	1829019	-97.83
3002112	1829570	-76.62
3001945	1829310	-86.089
3001940	1828958	-97.129
3002295	1829479	-84.709
3002395	1829315	-89.62
3001991	1828836	-99.209
3002587	1829465	-93.47
3001844	1829524	-85.9
3002291	1829483	-84.55
3002028	1829499	-74.629
3001827	1829343	-87.04
3002262	1829207	-90.12
3001931	1829062	-94.449
3001808	1829225	-88.25
3001831	1829431	-83.519
3002093	1828948	-94.089
3001966	1828813	-100.05
3001749	1829370	-87.809
3001727	1828626	-107.86
3002155	1828765	-104.489
3002699	1829445	-95.86
3002339	1829415	-88.099
3002039	1828790	-102.199
3003021	1829966	-103.319
3003035	1829695	-102.699
3002343	1829797	-89.0
3002376	1829368	-88.489
3001925	1828920	-96.319
3001463	1829292	-104.72
3002726	1829287	-97.18
3001409	1829247	-104.669
3001898	1828951	-98.29
3002542	1829155	-99.279
3002315	1829012	-100.36
3002359	1829149	-97.65
3002622	1829420	-94.58
3002486	1829595	-90.709
3002780	1829477	-109.04
3002448	1829298	-91.339
3002579	1829126	-98.58
3001997	1829602	-74.879
3002085	1828827	-97.05
3002313	1829358	-92.04
3002026	1828789	-102.79
3002275	1829515	-86.099
3002799	1829318	-98.33
3002265	1829066	-100.279
3002179	1829141	-89.709
3002413	1829326	-90.15
3002596	1829104	-98.29
3002919	1829191	-100.79
3001853	1829644	-74.0
3002449	1829118	-96.01
3002101	1828834	-96.959
3002706	1829437	-96.129
3002009	1829486	-74.94
3002157	1829641	-81.739
3001820	1828743	-101.669
3002080	1828939	-95.739
3001791	1829297	-87.069
3002313	1829014	-100.51
3001941	1829308	-86.589
3002316	1829600	-88.849
3001952	1829077	-91.23
3002420	1829166	-97.16
3002300	1829347	-89.08
3001592	1829047	-101.379
3002858	1829248	-99.87
3002095	1829077	-92.76
3002312	1828856	-99.37
3002673	1829354	-97.51
3002554	1829636	-92.86
3002933	1829203	-101.069
3002039	1829507	-75.069
3002278	1829086	-101.029
3002575	1829613	-93.4
3002125	1829252	-85.879
3002077	1829543	-83.73
3001591	1829047	-101.449
3002653	1829511	-95.29
3001409	1829252	-105.01
3002914	1829188	-100.94
3002681	1829343	-98.709
3002388	1829370	-89.08
3002212	1829278	-93.0
3002309	1829242	-95.319
3002124	1829203	-92.54
3001598	1829047	-101.69
3002292	1829340	-89.33
3001886	1828965	-96.58
3002212	1828921	-96.94
3001834	1829521	-85.209
3002698	1829323	-98.459
3002199	1828748	-103.569
3002378	1829056	-94.73
3002801	1829317	-98.68
3002721	1829292	-97.419
3002415	1829328	-90.41
3002119	1829197	-87.739
3002794	1829325	-98.44
3002289	1828889	-100.19
3001999	1829114	-90.769
3002783	1829473	-106.0
3002133	1829216	-92.569
3001860	1829375	-86.599
3002307	1829475	-85.73
3002168	1829645	-80.389
3002155	1829234	-94.059
3002423	1829324	-90.73
3002132	1828977	-94.019
3002159	1829642	-81.8
3003025	1829957	-103.8
3002038	1829382	-87.419
3002975	1829244	-109.339
3001992	1828834	-99.809
3002081	1828860	-96.79
3002403	1829074	-94.809
3001822	1829342	-88.12
3001917	1828929	-97.809
3002072	1829541	-84.36
3002070	1828872	-96.559
3002024	1829567	-75.569
3001822	1829343	-88.33
3002079	1829064	-91.519
3002638	1829530	-95.169
3001868	1829007	-94.069
3001967	1828844	-98.139
3002331	1829260	-95.72
3002379	1829365	-89.16
3002895	1829383	-102.419
3002414	1829172	-98.069
3002296	1829478	-85.449
3002347	1829405	-89.919
3002019	1829492	-75.349
3002362	1829387	-88.48
3002386	1829354	-89.519
3002441	1829307	-91.599
3001841	1828712	-100.75
3002301	1829477	-85.669
3002830	1829147	-100.449
3002684	1829465	-96.239
3002003	1829591	-74.72
3002187	1829499	-81.15
3002111	1829570	-77.339
3002027	1828789	-103.44
3002575	1829480	-93.809
3002164	1829002	-99.73
3002553	1829509	-93.129
3002634	1829536	-95.209
3002053	1828903	-98.11
3002646	1829518	-95.47
3002376	1829366	-89.18
3002666	1829493	-95.919
3002045	1829389	-79.819
3002134	1829584	-81.47
3002380	1829362	-89.36
3002082	1828824	-97.739
3002014	1829488	-75.51
3001895	1829034	-93.5
3002456	1829062	-105.18
3002126	1829205	-93.08
3002380	1829365	-89.36
3002045	1829513	-75.529
3002049	1828798	-103.599
3001590	1829047	-102.37
3001824	1829342	-88.099
3002386	1829008	-102.629
3002003	1829117	-94.25
3001822	1829240	-90.069
3003045	1829645	-108.069
3002248	1829677	-87.419
3002419	1829326	-90.919
3001759	1829349	-88.339
3002260	1829555	-87.699
3002171	1829647	-80.9
3002037	1829373	-87.459
3002281	1829496	-85.01
3002569	1829620	-94.959
3001859	1829628	-69.18
3002301	1829476	-85.87
3002121	1829258	-86.12
3002003	1829593	-74.949
3002277	1829509	-84.79
3002829	1829112	-105.269
3002307	1829473	-86.139
3001766	1829196	-98.58
3002946	1829219	-107.75
3002274	1829516	-86.94
3002246	1829195	-90.019
3002124	1829207	-93.9
3002097	1829288	-84.879
3001619	1829016	-99.18
3002680	1829470	-96.37
3002008	1829121	-96.66
3002304	1829476	-86.059
3002887	1829378	-102.69
3002837	1829120	-101.019
3001995	1828829	-100.239
3001953	1828801	-104.79
3002735	1829399	-97.639
3001821	1829239	-89.559
3002090	1828835	-97.739
3002665	1829496	-96.15
3002428	1829302	-91.69
3001888	1828962	-99.04
3002073	1829541	-84.559
3001543	1829343	-107.75
3001821	1829238	-89.68
3002353	1828963	-96.919
3002733	1829402	-97.599
3001998	1829604	-75.8
3002649	1829514	-95.849
3001890	1828960	-99.209
3002025	1829497	-75.68
3002334	1829021	-97.389
3002131	1829582	-82.809
3002358	1829382	-88.839
3002482	1829601	-91.61
3002730	1829281	-98.309
3001757	1829210	-99.08
3002047	1829354	-85.87
3001879	1829022	-94.209
3001843	1829360	-84.37
3002320	1829365	-94.669
3002152	1828992	-97.97
3002180	1828739	-104.44
3001827	1828734	-102.059
3001830	1828713	-101.559
3002391	1829172	-100.949
3003042	1829678	-104.62
3002383	1829364	-89.819
3002100	1829284	-85.3
3002000	1829596	-75.54
3002009	1829583	-76.11
3001923	1828922	-97.699
3002281	1829052	-100.199
3002163	1828753	-105.22
3002329	1829427	-87.65
3001970	1828836	-98.47
3002654	1829509	-96.16
3002356	1829280	-90.569
3001810	1828690	-108.44
3002452	1829639	-91.05
3002022	1829494	-75.93
3002760	1829370	-98.589
3001914	1828933	-98.37
3002251	1829530	-86.61
3002781	1829342	-99.08
3001826	1829519	-85.239
3002397	1829317	-91.0
3001747	1829376	-90.16
3002321	1829119	-99.91
3002637	1829532	-95.879
3002641	1829526	-95.989
3002361	1829284	-90.699
3002348	1829384	-88.839
3001906	1828943	-98.959
3002258	1829551	-87.93
3002258	1829553	-88.12
3002039	1829384	-87.76
3002304	1829022	-101.069
3002141	1829590	-82.98
3001831	1828713	-101.779
3002054	1829542	-75.83
3002892	1829206	-101.73
3002062	1829540	-79.379
3002897	1829197	-101.809
3002369	1829156	-97.889
3002116	1829195	-88.739
3002682	1829468	-96.93
3002131	1829212	-94.339
3001922	1828924	-98.199
3002279	1829505	-85.489
3002407	1829325	-91.339
3002106	1828838	-98.209
3001999	1828821	-100.61
3002007	1829483	-76.319
3002176	1828740	-104.959
3002332	1829613	-88.48
3003050	1829664	-107.099
3002558	1829632	-94.169
3001999	1829601	-76.11
3002222	1828976	-97.62
3002202	1829159	-90.849
3002365	1828942	-97.629
3002007	1829584	-77.0
3002439	1829657	-91.099
3002821	1829295	-100.379
3002178	1828896	-97.059
3001841	1829411	-84.9
3002170	1829134	-91.19
3001761	1828652	-108.449
3002119	1829203	-88.699
3002122	1829576	-78.709
3002760	1829503	-110.25
3001966	1828870	-100.23
3001798	1828679	-109.379
3002405	1829324	-91.43
3002239	1829059	-93.91
3002146	1829467	-85.51
3002423	1829308	-92.11
3002225	1828972	-97.44
3002041	1828792	-104.04
3001798	1829216	-97.519
3002531	1829537	-93.43
3001835	1828721	-102.05
3002449	1829644	-91.41
3002215	1828759	-104.62
3002305	1829591	-92.55
3002579	1829678	-95.08
3002774	1829486	-110.48
3002301	1829025	-101.37
3002308	1829473	-86.97
3002313	1829446	-87.389
3002566	1829145	-100.36
3002434	1829315	-92.319
3002836	1829116	-101.779
3002173	1828892	-97.269
3001544	1829342	-110.69
3002064	1829540	-82.83
3002035	1829377	-88.589
3001821	1828698	-102.22
3002252	1829068	-102.72
3002050	1829518	-76.519
3001836	1828707	-101.9
3002518	1829209	-95.739
3002460	1829066	-106.26
3001849	1829641	-74.72
3002143	1829593	-83.8
3002015	1828799	-99.529
3002830	1829277	-100.61
3002137	1829586	-82.94
3002230	1829674	-87.05
3001917	1828922	-98.61
3002236	1828946	-96.809
3002646	1829021	-102.269
3002282	1829088	-100.879
3001839	1829351	-85.459
3002011	1829486	-76.58
3002509	1829220	-96.269
3002146	1829618	-83.36
3002187	1828740	-105.08
3002046	1828795	-104.68
3002686	1829336	-100.36
3001841	1829358	-85.279
3001896	1828953	-100.319
3002292	1829640	-89.629
3002680	1829344	-100.22
3002762	1829367	-99.319
3001804	1828747	-104.08
3002785	1829337	-99.62
3002277	1829493	-85.97
3002835	1829270	-100.87
3002028	1829565	-75.98
3002001	1829594	-76.18
3002692	1829329	-100.279
3002095	1828829	-98.86
3001833	1828705	-102.18
3002398	1829175	-97.37
3002625	1829068	-99.519
3002613	1829565	-96.01
3002057	1829525	-76.839
3002043	1828793	-104.269
3002891	1829380	-103.769
3002224	1828932	-98.849
3002258	1829544	-87.91
3001542	1829345	-108.269
3002044	1829511	-76.79
3002514	1829215	-95.849
3001822	1829341	-89.419
3002085	1829421	-80.73
3003047	1829645	-109.3
3002062	1829533	-76.91
3002829	1829278	-100.87
3002014	1829576	-78.43
3002278	1829508	-86.05
3002678	1829473	-97.47
3001594	1829046	-103.23
3001831	1828704	-102.33
3001918	1829292	-88.739
3002318	1829012	-102.4
3002063	1829052	-93.309
3002233	1829674	-87.139
3002166	1828750	-105.959
3001809	1828741	-103.959
3002043	1829387	-83.37
3001851	1829360	-85.08
3002008	1829486	-76.849
3002323	1829434	-88.309
3002622	1829050	-103.279
3001893	1828753	-102.699
3002134	1829216	-92.019
3002168	1828746	-105.889
3002388	1829657	-90.23
3002840	1829129	-102.22
3002134	1829219	-88.94
3002110	1829569	-78.769
3002259	1829554	-89.0
3002405	1829177	-100.33
3002147	1829604	-83.55
3002783	1829339	-99.879
3001834	1828725	-102.75
3001775	1829199	-99.449
3002526	1829198	-96.51
3002322	1828848	-102.05
3001816	1829231	-90.139
3001794	1829214	-98.54
3002303	1829590	-93.37
3002282	1829494	-86.459
3002280	1829498	-86.379
3002397	1829711	-97.319
3001989	1828839	-100.349
3002061	1829528	-77.169
3002001	1829598	-76.669
3002146	1829598	-84.66
3001640	1829452	-97.69
3002274	1829497	-86.199
3002927	1829198	-103.029
3001757	1829211	-100.48
3002349	1829141	-98.04
3001841	1829409	-85.669
3002049	1829547	-76.669
3002344	1829137	-94.339
3002210	1829166	-91.58
3002104	1829279	-86.69
3001832	1828714	-102.72
3002391	1828914	-99.15
3001584	1829045	-107.3
3002603	1829576	-96.089
3002683	1829341	-100.699
3001816	1828694	-103.059
3001812	1829227	-90.47
3002225	1829177	-91.55
3001791	1829212	-98.86
3001818	1829258	-91.959
3001818	1829233	-90.15
3001790	1828674	-109.12
3002598	1829080	-102.269
3002583	1829122	-100.76
3002020	1829492	-77.12
3002041	1829509	-77.129
3001970	1828979	-97.779
3002316	1829442	-88.279
3002628	1829063	-100.08
3002018	1829490	-77.65
3001963	1828975	-98.05
3001933	1828910	-98.029
3001539	1829224	-101.54
3001937	1829306	-87.739
3002036	1829376	-89.22
3002099	1828953	-96.419
3002932	1829419	-109.98
3001934	1829065	-99.269
3002734	1829276	-99.779
3001932	1829303	-89.51
3002363	1828988	-101.709
3001814	1829229	-90.47
3002061	1829540	-77.19
3002377	1829001	-97.68
3001951	1829312	-87.73
3001988	1828842	-100.129
3002454	1829269	-94.25
3002867	1829238	-102.389
3002304	1829351	-89.349
3002279	1829506	-86.569
3001755	1829356	-89.949
3001833	1828716	-102.97
3002315	1829467	-88.18
3002025	1829495	-77.309
3002003	1828814	-100.889
3002613	1829084	-100.489
3002267	1829526	-88.449
3002375	1829370	-91.019
3001835	1829634	-78.519
3001593	1829046	-103.76
3002796	1829196	-101.569
3002112	1828962	-96.48
3003007	1829615	-107.069
3002041	1829549	-78.87
3002051	1829545	-76.959
3001949	1828893	-103.12
3002279	1829503	-86.699
3003036	1829927	-106.489
3002002	1829595	-76.9
3001850	1829649	-75.11
3002220	1828928	-100.489
3002044	1829550	-78.18
3002706	1829571	-109.669
3001822	1829241	-92.11
3002300	1829462	-87.889
3001852	1828720	-104.959
3002312	1829597	-92.639
3002621	1829073	-100.169
3001589	1829046	-104.87
3002611	1829567	-96.76
3002886	1829214	-103.04
3002632	1829060	-100.559
3001961	1828809	-107.319
3002227	1829531	-89.339
3002431	1829318	-93.33
3002127	1829210	-95.91
3002861	1829244	-102.529
3002579	1829608	-95.97
3002398	1828900	-99.94
3002341	1829633	-95.5
3002338	1829617	-92.019
3002402	1829176	-101.019
3001898	1829037	-95.51
3002297	1829467	-87.849
3002354	1829384	-90.519
3001837	1829635	-77.44
3002403	1829787	-95.08
3002834	1829114	-103.349
3002626	1829044	-103.93
3002687	1829334	-101.48
3002617	1829079	-100.18
3002882	1829372	-104.949
3002293	1829471	-87.709
3002421	1829325	-93.099
3002460	1829261	-94.91
3002063	1829540	-82.86
3002224	1829286	-89.33
3002020	1828794	-102.97
3002381	1829300	-92.54
3001819	1829234	-90.69
3001844	1828714	-103.04
3002504	1829226	-97.639
3002169	1829485	-82.819
3002279	1829500	-87.059
3002036	1829557	-76.83
3002009	1829485	-77.79
3002661	1829501	-98.11
3001835	1828718	-103.4
3002361	1829634	-93.76
3002022	1829566	-76.629
3002835	1829115	-103.129
3001982	1828849	-99.65
3002383	1829667	-91.099
3002625	1829550	-97.269
3001823	1828715	-103.76
3002258	1829545	-89.12
3002060	1829540	-77.8
3002241	1829189	-92.3
3002329	1829610	-90.58
3002828	1829112	-107.65
3002001	1828819	-102.12
3002626	1829548	-97.37
3002330	1828847	-104.66
3001968	1828868	-101.589
3002312	1829470	-88.65
3002123	1829255	-88.589
3002055	1829521	-78.08
3002138	1828983	-97.449
3002327	1828846	-103.86
3002271	1829521	-89.489
3001923	1829296	-89.669
3002046	1829543	-80.379
3002394	1828912	-100.089
3002046	1829549	-78.26
3002269	1829565	-89.349
3002487	1829249	-95.91
3002344	1829383	-90.66
3002051	1829518	-78.069
3002496	1829238	-96.3
3002536	1829658	-95.489
3002349	1829402	-92.76
3002284	1829047	-102.04
3002259	1829542	-88.879
3002201	1829008	-100.68
3002151	1829231	-92.339
3001964	1829087	-97.099
3002343	1829382	-90.699
3001829	1828713	-103.779
3001786	1829304	-91.389
3002232	1828962	-99.47
3002389	1829658	-91.449
3002830	1829112	-107.66
3002344	1829634	-95.62
3002006	1829590	-77.309
3001834	1828717	-103.73
3001957	1829312	-88.489
3002048	1829515	-78.139
3002339	1829631	-96.37
3002023	1829495	-78.05
3002048	1829548	-77.94
3002147	1829607	-85.029
3001800	1829283	-90.4
3001832	1828727	-104.019
3002053	1828800	-105.989
3002280	1829489	-87.55
3002326	1829370	-97.16
3002375	1828931	-99.779
3002350	1829384	-90.959
3002723	1829416	-99.75
3002296	1829343	-92.889
3002054	1829527	-78.129
3001997	1829474	-78.5
3002307	1829474	-88.69
3002262	1829558	-90.48
3002302	1829103	-103.819
3002276	1829512	-88.809
3002008	1829484	-78.269
3002031	1829563	-77.169
3002548	1829644	-95.949
3002232	1829293	-89.8
3002389	1828889	-101.819
3002006	1828811	-101.65
3002060	1829527	-78.4
3002777	1829481	-112.389
3001927	1829059	-97.18
3001752	1829363	-91.15
3002309	1829354	-90.449
3002616	1829560	-97.61
3002362	1829380	-91.43
3002129	1829246	-89.339
3003034	1829640	-110.739
3002614	1829562	-97.61
3002354	1829629	-95.419
3002684	1829340	-101.93
3002012	1829486	-78.33
3001409	1829240	-108.19
3002214	1829522	-87.48
3002012	1829579	-78.12
3002127	1829249	-89.269
3002326	1829608	-91.43
3002593	1829458	-97.29
3002021	1829493	-78.33
3002147	1829622	-82.279
3002268	1828800	-106.18
3002956	1829444	-114.44
3001928	1829299	-90.8
3002309	1829109	-104.05
3002323	1829367	-97.279
3001826	1828713	-104.18
3002449	1829121	-99.529
3002355	1829383	-91.349
3003014	1829622	-108.989
3002197	1829509	-84.48
3001970	1828865	-101.839
3001842	1829353	-87.19
3002017	1829572	-78.68
3002834	1829271	-102.629
3002234	1828943	-99.559
3002364	1829152	-100.279
3002564	1829495	-96.449
3002223	1829528	-89.11
3002821	1829161	-103.309
3001888	1829029	-96.62
3002040	1829553	-78.349
3002257	1829548	-90.08
3002132	1829239	-89.849
3002018	1829570	-79.9
3002630	1829039	-104.75
3002352	1829399	-92.919
3002326	1828842	-103.599
3002714	1829301	-101.18
3002500	1829232	-98.889
3002418	1829792	-95.339
3002786	1829469	-108.519
3002595	1829587	-97.36
3001994	1828831	-103.139
3002570	1829138	-102.559
3002307	1829019	-103.8
3002354	1828959	-99.58
3002282	1829496	-88.069
3002261	1829557	-90.919
3002826	1829285	-102.73
3002071	1829058	-94.989
3001781	1829203	-100.69
3002584	1829100	-102.129
3002173	1828741	-107.47
3002430	1829042	-104.129
3001753	1829214	-101.76
3002158	1828997	-100.739
3002982	1829591	-110.559
3002235	1828952	-98.86
3002935	1829206	-108.91
3002723	1829549	-107.47
3002280	1829497	-88.12
3002703	1829315	-101.779
3001840	1829636	-77.269
3002360	1829390	-91.779
3002890	1829209	-104.339
3002043	1829544	-81.54
3002477	1829607	-94.44
3002228	1829290	-90.349
3002895	1829199	-104.419
3002008	1829587	-78.519
3001897	1828757	-103.919
3002209	1829518	-85.3
3002266	1829529	-88.959
3002314	1829611	-92.97
3002203	1829513	-85.129
3001541	1829346	-109.73
3002472	1829613	-94.41
3002052	1829544	-78.47
3002749	1829516	-112.599
3002053	1829519	-79.01
3001977	1828856	-100.65
3002289	1829579	-90.769
3002004	1829588	-79.389
3002881	1829371	-106.3
3001984	1828846	-100.879
3002125	1828972	-97.86
3002013	1829576	-80.83
3003040	1829920	-108.08
3001845	1829638	-76.769
3002356	1829383	-91.98
3002219	1828981	-100.599
3002048	1829516	-79.059
3002215	1829281	-90.68
3002038	1829550	-81.089
3002306	1829454	-89.75
3002270	1829501	-89.669
3002061	1829534	-79.15
3001935	1828908	-100.019
3002310	1829449	-89.959
3002216	1828925	-102.169
3002337	1829616	-92.879
3002261	1829536	-87.589
3002017	1829489	-79.26
3002556	1829634	-97.05
3002325	1829431	-90.72
3002058	1829526	-79.319
3002288	1829043	-105.15
3002703	1829440	-100.37
3002351	1829384	-92.04
3001815	1829230	-92.44
3001840	1828710	-104.589
3001586	1829134	-108.629
3002381	1829663	-92.41
3002484	1829231	-100.37
3002029	1829498	-79.25
3001884	1828747	-109.839
3001848	1829655	-78.089
3002139	1829588	-85.839
3001956	1828884	-104.54
3002725	1829413	-100.93
3002827	1829151	-104.25
3002352	1829384	-92.129
3002257	1829549	-90.989
3002710	1829306	-102.04
3001994	1829472	-79.699
3002757	1829373	-101.809
3002052	1829532	-79.069
3002011	1829584	-78.91
3002039	1829554	-79.08
3002635	1829055	-102.459
3002575	1829115	-103.069
3002106	1828957	-98.559
3002378	1829366	-93.15
3002278	1829507	-88.61
3002287	1829479	-89.11
3001565	1829141	-102.76
3003018	1829626	-109.629
3002059	1829538	-79.33
3002152	1829472	-85.839
3002559	1829134	-103.54
3002045	1829544	-81.93
3001980	1828851	-101.25
3002347	1829384	-92.209
3002265	1829531	-88.069
3001758	1829208	-102.639
3002264	1829560	-91.569
3002041	1829546	-82.48
3002013	1829488	-79.589
3002260	1829556	-91.83
3001409	1829255	-107.26
3002332	1829628	-98.069
3002590	1829595	-98.239
3001787	1828671	-111.419
3001845	1829657	-78.33
3002270	1829522	-91.199
3002260	1829539	-88.05
3002317	1829612	-93.47
3002372	1828935	-101.26
3001837	1829349	-88.73
3002269	1829524	-91.209
3002230	1828937	-101.089
3001974	1828861	-101.449
3002395	1829174	-100.019
3001963	1828875	-104.05
3002011	1828805	-102.989
3002027	1829496	-79.8
3002015	1829579	-80.069
3002386	1829655	-93.069
3002005	1829258	-89.43
3002038	1829556	-79.019
3002530	1829019	-103.22
3002369	1828939	-101.319
3002268	1829506	-89.94
3002184	1828901	-100.58
3001841	1828711	-105.3
3002616	1829428	-99.51
3002035	1829559	-79.01
3001987	1829467	-80.559
3002994	1829602	-109.379
3002234	1829534	-87.37
3002031	1829557	-78.919
3002355	1829038	-101.949
3001416	1829274	-109.559
3002011	1829581	-79.839
3002275	1829513	-90.839
3001923	1828777	-103.87
3002359	1828984	-100.599
3002293	1829480	-90.01
3002062	1829529	-80.239
3001885	1829637	-77.879
3002265	1829561	-91.989
3002839	1829123	-105.44
3002354	1829145	-102.239
3002037	1829553	-79.209
3002517	1829044	-101.5
3002292	1829481	-90.0
3002163	1829481	-84.989
3002311	1829612	-94.459
3002352	1828967	-101.879
3002678	1829347	-103.669
3002051	1829533	-79.839
3001755	1829212	-103.319
3002548	1829169	-100.37
3002885	1829376	-107.26
3002526	1829543	-97.129
3002294	1829034	-104.889
3002637	1829029	-106.089
3002052	1829522	-80.239
3001807	1828744	-107.47
3002307	1828863	-104.73
3002372	1829655	-93.08
3002053	1829531	-80.12
3003054	1829651	-112.819
3002257	1829522	-91.05
3002342	1829382	-92.9
3002333	1829627	-98.19
3002732	1829405	-102.12
3002357	1828981	-100.91
3002318	1829613	-93.86
3001961	1828878	-104.87
3002202	1829004	-102.83
3001590	1829130	-109.8
3001954	1828886	-105.91
3002048	1829541	-79.86
3002312	1829612	-94.589
3002238	1829536	-89.73
3003038	1829641	-112.83
3002061	1829537	-80.389
3002015	1829574	-81.019
3002016	1828797	-103.339
3002351	1829276	-96.489
3002381	1829004	-100.849
3002472	1829073	-104.099
3002059	1829541	-80.279
3002265	1829511	-89.15
3002827	1829283	-104.419
3002056	1829542	-80.169
3002285	1829576	-89.79
3002333	1829628	-98.849
3002019	1829571	-80.279
3002053	1829529	-80.319
3002057	1829541	-80.269
3002577	1829610	-98.849
3002007	1828809	-103.87
3002305	1829106	-106.18
3001802	1828750	-108.11
3002020	1829574	-80.18
3002017	1829577	-80.37
3002029	1829560	-79.51
3002020	1829568	-79.489
3001752	1829215	-103.699
3002027	1829562	-79.58
3001940	1828902	-101.779
3002017	1828796	-103.68
3002335	1829378	-94.089
3002231	1828965	-102.66
3002372	1829051	-100.269
3002345	1829383	-93.43
3002031	1829500	-80.75
3002033	1829556	-79.75
3002707	1829311	-103.65
3002248	1829532	-90.959
3002367	1829046	-102.339
3002056	1829523	-80.889
3002219	1829283	-92.449
3002053	1829525	-80.779
3002331	1829375	-96.419
3002260	1829540	-89.199
3002339	1829133	-98.12
3002359	1828951	-102.0
3002279	1829502	-90.15
3001761	1829205	-104.099
3002061	1829529	-81.04
3002399	1828905	-103.199
3002001	1829593	-80.36
3002385	1829653	-94.11
3002718	1829297	-103.08
3002331	1829626	-98.41
3002046	1829513	-80.959
3002022	1829572	-80.05
3002353	1829384	-93.8
3002605	1829094	-104.199
3002556	1829158	-102.19
3002283	1829484	-90.529
3001942	1828901	-102.08
3002231	1829532	-92.29
3002039	1829548	-84.019
3001848	1829653	-78.44
3002111	1829189	-93.72
3002396	1828910	-103.199
3002329	1829018	-103.269
3002032	1829558	-79.989
3002054	1829526	-81.019
3002599	1829451	-100.15
3002051	1829535	-80.73
3002323	1829605	-94.25
3002327	1829609	-93.97
3002277	1829510	-90.839
3002315	1829611	-95.139
3002263	1829535	-89.639
3002325	1829122	-98.47
3002040	1829550	-82.769
3002837	1829118	-106.519
3002247	1829533	-91.099
3001751	1829217	-104.319
3002379	1828926	-102.959
3001842	1829637	-78.87
3002041	1829553	-80.529
3002002	1828816	-104.849
3002361	1829042	-102.809
3002334	1829628	-99.629
3002346	1829623	-98.819
3001409	1829239	-111.11
3001945	1828897	-102.449
3002063	1829531	-81.489
3002302	1828871	-105.959
3002051	1829521	-81.33
3002236	1829535	-88.79
3002052	1829533	-81.089
3002325	1829618	-95.48
3002260	1829518	-91.709
3002275	1829569	-92.0
3002617	1829054	-107.879
3001947	1828895	-104.41
3001992	1829470	-81.86
3002024	1829564	-80.26
3002344	1828855	-113.089
3002053	1829530	-81.29
3002240	1829536	-90.66
3002228	1828968	-102.3
3002271	1829566	-92.61
3001817	1828725	-107.839
3002053	1829543	-81.15
3002564	1829127	-105.529
3002257	1829547	-93.05
3002794	1829458	-110.69
3002050	1829537	-81.47
3002043	1829548	-82.68
3001943	1829071	-98.11
3002756	1829507	-115.55
3002261	1829537	-90.089
3001892	1829032	-99.709
3002373	1828998	-102.11
3002382	1829665	-94.94
3002290	1829475	-91.61
3002331	1829612	-94.11
3002028	1829562	-80.639
3002063	1829532	-81.919
3002377	1829647	-96.269
3002408	1829078	-101.339
3002362	1828946	-103.08
3002328	1829372	-100.209
3002298	1829029	-106.93
3002386	1828889	-105.58
3002267	1829527	-92.709
3001959	1828807	-111.47
3002024	1829569	-80.79
3002357	1828955	-102.98
3002369	1828994	-102.349
3002316	1829115	-104.949
3002428	1829320	-97.61
3002300	1829628	-95.989
3002235	1829296	-93.54
3003037	1829690	-109.819
3001990	1829107	-102.66
3002304	1829623	-98.36
3001968	1829090	-101.849
3002424	1829038	-102.44
3002053	1829524	-82.029
3002056	1829541	-81.86
3001973	1829094	-103.19
3002021	1829569	-83.019
3002014	1828800	-105.18
3002588	1829116	-105.72
3002477	1829239	-103.3
3002026	1829567	-81.059
3002050	1829519	-82.22
3002511	1829052	-103.459
3002384	1829668	-95.559
3002941	1829214	-108.379
3002334	1829614	-93.559
3001839	1828709	-107.639
3001976	1828859	-103.989
3002049	1829539	-81.839
3002259	1829541	-92.0
3002340	1829381	-94.889
3002390	1829012	-102.9
3003052	1829659	-113.41
3001969	1828839	-105.099
3002235	1828955	-103.3
3002368	1829790	-97.199
3002061	1829535	-82.54
3002296	1828880	-107.4
3002287	1829092	-101.779
3002490	1829223	-103.239
3001749	1829218	-105.449
3001750	1829217	-105.51
3002033	1829555	-81.629
3002328	1829621	-98.51
3002033	1829561	-81.66
3002943	1829217	-112.51
3002050	1829545	-82.269
3002375	1829736	-103.05
3002292	1828885	-107.699
3002009	1828807	-106.029
3002283	1829574	-92.069
3001876	1828977	-102.389
3002366	1828871	-112.779
3002012	1828803	-106.04
3002450	1829058	-112.79
3002589	1829093	-106.36
3002233	1828940	-103.94
3002035	1829554	-82.019
3001972	1828863	-104.73
3002352	1829627	-100.519
3002237	1829676	-92.98
3002038	1829552	-84.91
3002553	1829141	-107.23
3002277	1829570	-93.48
3002307	1829617	-97.3
3002495	1829583	-99.18
3002335	1829629	-101.83
3002369	1829652	-95.779
3002530	1829023	-105.04
3002357	1829643	-99.12
3002727	1829411	-104.94
3002507	1829200	-102.37
3001748	1829221	-106.379
3002245	1829534	-92.94
3002264	1829533	-91.83
3002367	1829639	-98.73
3002325	1829015	-105.069
3002013	1828802	-106.379
3001749	1829220	-106.5
3002354	1829642	-99.529
3002355	1828978	-104.04
3002530	1829012	-108.51
3002531	1829016	-108.569
3002352	1829640	-99.819
3002375	1829657	-96.449
3002306	1829618	-97.8
3002356	1829631	-100.029
3002389	1829665	-97.0
3002332	1829626	-101.069
3002309	1829614	-97.97
3002298	1829631	-96.86
3002158	1829477	-88.459
3002366	1828991	-108.769
3001754	1829213	-106.739
3002320	1829614	-96.849
3002026	1829565	-82.529
3002359	1829632	-99.839
3002440	1829050	-110.87
3002889	1829378	-110.73
3002372	1829643	-98.709
3002241	1829536	-92.9
3001995	1829110	-98.76
3002052	1829543	-83.41
3002890	1829379	-110.83
3002338	1829380	-96.389
3002310	1829613	-98.22
3002308	1829614	-98.43
3002321	1829603	-96.839
3002322	1829615	-96.949
3002279	1829571	-94.279
3002329	1829622	-99.889
3001968	1828842	-106.779
3002350	1829626	-101.559
3002290	1829095	-101.41
3002375	1829645	-98.849
3002228	1828934	-105.44
3002048	1829545	-84.209
3001986	1828844	-106.139
3002030	1829560	-83.129
