3001920	1829749	-64.79
3001922	1829750	-63.279
3001981	1829643	-61.959
3001919	1829749	-65.639
3001982	1829648	-61.77
3001923	1829750	-63.43
3001918	1829748	-67.389
3001974	1829644	-64.54
3001911	1829745	-72.199
3001902	1829743	-72.9
3001986	1829628	-62.729
3001945	1828961	-97.599
3002535	1829658	-76.059
3001986	1829629	-62.919
3001973	1829649	-65.43
3001984	1829669	-62.54
3001921	1829750	-65.349
3001987	1829626	-63.15
3002509	1829654	-75.989
3001908	1829745	-74.129
3001978	1829650	-64.29
3001913	1829746	-72.54
3001985	1829632	-63.919
3001914	1829746	-72.3
3001983	1829647	-63.83
3001979	1829664	-64.83
3001846	1829764	-75.83
3001973	1829648	-66.879
3001979	1829660	-64.389
3002620	1829684	-82.089
3002267	1830165	-74.19
3001983	1829639	-64.709
3001859	1829771	-71.72
3001918	1829749	-69.199
3001973	1829646	-67.43
3001920	1829750	-67.62
3001976	1829639	-66.66
3001981	1829631	-65.629
3001976	1829640	-66.639
3001972	1829670	-69.04
3001974	1829642	-67.269
3001980	1829650	-65.41
3001975	1829642	-67.059
3002546	1829660	-78.73
3002550	1829662	-78.839
3001984	1829637	-65.25
3002268	1830167	-75.019
3001910	1829745	-75.5
3001974	1829643	-67.62
3001975	1829650	-67.22
3001984	1829635	-65.519
3001915	1829747	-72.949
3001982	1829630	-66.309
3002552	1829662	-79.489
3001917	1829748	-71.419
3002533	1829658	-79.099
3002549	1829661	-79.47
3001979	1829654	-66.3
3002507	1829653	-78.599
3001876	1829634	-69.629
3002181	1829766	-71.639
3001979	1829635	-67.33
3002263	1830160	-75.66
3001916	1829747	-73.04
3001980	1829647	-66.879
3001973	1829645	-68.989
3001981	1829632	-67.23
3001979	1829650	-67.11
3001880	1829784	-64.419
3001976	1829650	-68.029
3002022	1829688	-62.15
3002505	1829653	-79.22
3001882	1829785	-64.04
3002501	1829653	-79.19
3002508	1829654	-79.4
3001982	1829673	-66.51
3002341	1829817	-73.3
3001751	1830290	-84.41
3002031	1829691	-62.819
3002736	1829910	-83.55
3002048	1829697	-63.49
3002266	1830164	-76.69
3001930	1829932	-64.709
3002427	1829670	-77.449
3001956	1829766	-60.9
3002200	1829753	-68.47
3001980	1829634	-68.23
3001936	1829758	-63.409
3001983	1829628	-67.69
3002609	1829687	-87.12
3002262	1830159	-76.819
3001979	1829661	-67.44
3001984	1829627	-67.779
3002265	1830162	-76.98
3001992	1829677	-64.93
3001983	1829645	-67.379
3002012	1829685	-63.09
3002924	1829976	-87.76
3001975	1829641	-69.73
3001951	1829765	-61.779
3002916	1829973	-87.779
3002511	1829654	-80.51
3001960	1829768	-61.22
3002403	1829850	-83.87
3002039	1829694	-63.869
3002046	1829546	-77.029
3002057	1829701	-64.459
3001842	1829762	-78.839
3001901	1830564	-93.5
3001927	1829753	-66.98
3001994	1829612	-67.989
3002451	1829695	-82.199
3001820	1829707	-71.19
3001977	1829638	-69.599
3002172	1829785	-74.339
3002002	1829680	-64.26
3001940	1829760	-63.47
3001844	1829763	-80.26
3002354	1829819	-75.269
3001924	1829751	-68.599
3002155	1829817	-73.79
3002186	1830104	-75.199
3002540	1829672	-81.69
3002542	1829673	-81.739
3002939	1829982	-88.819
3002900	1829967	-88.169
3002214	1829758	-70.239
3002321	1829812	-74.33
3002986	1829999	-89.639
3002185	1830105	-75.339
3002536	1829662	-81.819
3002346	1829814	-75.339
3002891	1829965	-88.169
3002866	1829957	-87.779
3001864	1829726	-73.86
3002043	1829551	-77.919
3001902	1830565	-94.209
3001985	1829625	-68.98
3002984	1829998	-89.849
3002849	1829950	-87.569
3001988	1829623	-68.8
3002495	1829654	-81.059
3002336	1829841	-75.639
3002362	1829801	-75.949
3001955	1829766	-62.63
3002857	1829953	-87.86
3002226	1829775	-71.199
3003012	1830007	-90.449
3002066	1829704	-65.75
3002175	1830112	-75.949
3002455	1829850	-78.959
3002883	1829962	-88.54
3002502	1829653	-81.61
3002050	1829695	-65.69
3002447	1829844	-78.819
3001953	1829765	-63.09
3002348	1829812	-76.04
3002810	1829936	-87.26
3001945	1829762	-63.819
3002299	1829886	-75.12
3002346	1830315	-88.099
3002874	1829959	-88.58
3002841	1829948	-87.98
3002318	1829863	-75.51
3001957	1829767	-62.9
3002427	1830282	-83.489
3001985	1829635	-69.23
3002385	1830256	-82.54
3001994	1829609	-69.519
3001950	1829765	-63.43
3002463	1829683	-83.029
3001964	1829770	-62.619
3002531	1829657	-82.589
3002055	1829696	-66.11
3001871	1830550	-86.599
3002907	1829970	-89.269
3001958	1829767	-62.99
3002567	1829848	-82.099
3001962	1829769	-62.79
3002361	1829810	-76.599
3001984	1829640	-69.3
3002214	1829771	-71.29
3002604	1829686	-89.309
3001877	1829782	-68.269
3001986	1829670	-68.47
3002260	1830158	-78.889
3002220	1829773	-71.61
3001967	1829771	-62.77
3002971	1829993	-90.519
3002171	1829787	-75.949
3002954	1829987	-90.269
3001909	1830572	-94.709
3002832	1829945	-88.18
3002060	1829698	-66.51
3002947	1829984	-90.22
3002046	1829693	-66.139
3001979	1829656	-70.029
3002443	1829843	-79.3
3003039	1829685	-92.72
3002554	1829843	-82.29
3002468	1829676	-82.629
3003018	1830002	-91.43
3002241	1829767	-72.739
3001862	1829726	-75.529
3001966	1829770	-63.069
3002539	1829653	-83.309
3002315	1829868	-76.169
3002190	1829764	-70.65
3002068	1829541	-84.36
3002744	1829913	-86.51
3002174	1830112	-76.839
3002489	1829654	-82.019
3001846	1830549	-86.66
3001965	1829770	-63.189
3001974	1829649	-72.019
3001899	1829742	-77.3
3002280	1829909	-75.639
3001980	1829665	-70.489
3002693	1829453	-88.91
3002329	1829786	-79.51
3002329	1829850	-76.669
3002041	1829691	-66.33
3002334	1829818	-76.33
3002358	1829815	-77.269
3002166	1829799	-76.419
3002185	1829765	-73.11
3002345	1830318	-90.669
3002932	1829979	-90.419
3002233	1829777	-72.739
3002188	1830104	-77.04
3002339	1829836	-76.879
3002500	1829653	-82.589
3002065	1829700	-67.12
3002423	1829677	-84.97
3002299	1829801	-75.26
3002729	1829908	-86.58
3002817	1829939	-88.47
3002203	1829768	-71.559
3001849	1830548	-86.989
3002459	1829851	-80.269
3002071	1829702	-67.33
3002499	1829654	-82.68
3001991	1829615	-70.36
3002327	1829788	-77.569
3002622	1829868	-84.29
3002332	1829846	-77.0
3002167	1829741	-70.239
3002200	1829767	-71.5
3001990	1829616	-70.449
3001979	1829652	-70.87
3002785	1829928	-87.709
3002490	1829654	-82.5
3003010	1830007	-91.879
3002240	1829779	-73.25
3001842	1830550	-87.199
3002246	1829767	-73.51
3001981	1829649	-70.58
3002535	1829663	-83.68
3002412	1829692	-86.529
3001914	1829648	-77.54
3002179	1829767	-76.309
3002339	1829818	-76.86
3001934	1829757	-66.98
3002204	1829752	-71.879
3001850	1829723	-78.559
3001993	1829611	-70.589
3002228	1829763	-72.91
3003049	1829895	-99.05
3002183	1829747	-71.11
3001823	1829709	-73.0
3002034	1829688	-66.599
3001988	1829619	-70.75
3002170	1829790	-76.86
3002824	1829943	-88.94
3002540	1829658	-84.019
3002037	1829689	-66.739
3002544	1829648	-84.269
3002220	1829758	-72.68
3002180	1830107	-77.44
3002777	1829925	-87.849
3001901	1829915	-67.62
3002548	1829841	-83.099
3002194	1829748	-71.66
3002494	1829654	-82.91
3002721	1829905	-86.849
3002798	1829453	-95.209
3002176	1830109	-77.599
3002595	1829683	-88.169
3002794	1829931	-88.3
3003000	1830004	-92.069
3002600	1829581	-86.459
3001961	1829769	-64.05
3001949	1829764	-64.97
3002269	1830168	-80.5
3001821	1829708	-73.559
3002165	1829737	-70.65
3002802	1829934	-88.639
3002976	1829994	-91.809
3001911	1829920	-67.949
3001825	1829710	-72.9
3001984	1829642	-70.559
3001982	1829668	-70.97
3002433	1829664	-81.379
3001990	1829617	-70.949
3002303	1829803	-76.11
3001752	1830291	-88.26
3001848	1830549	-87.639
3002343	1829816	-77.599
3002175	1829744	-71.15
3001974	1829773	-63.97
3001989	1829619	-71.01
3002713	1829902	-86.959
3002769	1829922	-88.04
3002209	1829770	-72.54
3002321	1829813	-76.87
3002270	1830168	-80.73
3002761	1829919	-87.93
3001952	1829765	-64.97
3002357	1829795	-78.019
3001932	1829755	-68.4
3002619	1829685	-89.319
3002487	1829655	-83.089
3002171	1829739	-71.169
3002497	1829654	-83.41
3002452	1829848	-80.889
3001963	1829770	-64.379
3001978	1829637	-72.54
3002323	1829795	-77.15
3002261	1829775	-74.91
3003016	1830006	-92.839
3002322	1829794	-77.16
3002235	1829765	-73.919
3001986	1829623	-71.489
3002075	1829707	-68.22
3002290	1829897	-77.16
3001936	1830411	-84.72
3002305	1829787	-76.599
3002565	1829671	-85.269
3002084	1829710	-68.47
3002579	1829853	-84.239
3002322	1829795	-77.319
3002561	1829846	-83.949
3001925	1829751	-71.43
3002483	1829657	-83.33
3001987	1829622	-71.599
3002030	1829687	-67.3
3002182	1829744	-71.97
3002406	1829812	-79.94
3003007	1830006	-92.93
3002496	1829654	-83.769
3002270	1830169	-81.23
3002225	1829760	-73.75
3002191	1830105	-78.449
3002557	1829667	-85.26
3002246	1829769	-74.62
3002629	1829871	-85.639
3002411	1829694	-87.54
3002607	1829863	-85.11
3001938	1829759	-67.319
3002306	1829974	-85.419
3001977	1829650	-72.739
3002696	1829896	-87.29
3002120	1829721	-69.699
3002158	1829814	-78.309
3002169	1829792	-76.48
3002193	1830106	-78.629
3002022	1829684	-67.309
3002603	1829686	-91.47
3001969	1829772	-64.779
3002484	1829868	-82.239
3002159	1829813	-78.309
3002499	1829653	-84.08
3001995	1829608	-71.9
3002350	1830311	-85.319
3002643	1829875	-86.18
3002466	1829855	-81.879
3002256	1829773	-75.23
3002556	1829681	-89.379
3002554	1829680	-88.22
3002403	1829851	-88.319
3002230	1829762	-74.279
3002004	1829678	-67.98
3002649	1829878	-86.47
3002996	1830003	-93.129
3002076	1829704	-68.94
3002614	1829865	-85.639
3002324	1829795	-77.839
3002010	1829680	-67.62
3002181	1830106	-78.66
3002705	1829898	-87.76
3001851	1830548	-88.599
3002329	1829818	-78.05
3002543	1829649	-85.529
3001813	1830405	-89.959
3002488	1829654	-84.01
3002343	1829832	-78.75
3001844	1830550	-88.73
3002292	1830180	-82.279
3002430	1829667	-82.349
3002221	1829761	-74.05
3001900	1830563	-97.529
3002149	1829635	-76.489
3002358	1829795	-79.0
3002593	1829858	-85.11
3002014	1829681	-67.73
3002480	1829866	-82.529
3001946	1829763	-66.459
3002255	1830153	-81.169
3001948	1829764	-66.279
3002150	1830015	-84.169
3002608	1829687	-91.879
3001988	1829671	-70.589
3002523	1829833	-84.099
3002266	1829776	-76.01
3001886	1829786	-69.069
3001866	1829727	-76.029
3001869	1829777	-73.319
3002117	1829723	-70.129
3002347	1829827	-79.029
3002960	1829989	-92.94
3001942	1829761	-67.279
3002434	1829840	-81.559
3001840	1829760	-80.91
3002385	1830257	-85.47
3002505	1829825	-83.709
3002328	1829795	-78.47
3002314	1829792	-77.959
3002159	1829738	-71.94
3001971	1829773	-65.48
3002142	1829732	-71.22
3003014	1829985	-93.93
3002173	1830113	-79.33
3001990	1829620	-72.349
3002300	1829785	-77.489
3002499	1829823	-83.639
3002188	1829746	-73.209
3002610	1829687	-92.169
3002320	1829812	-78.309
3002330	1829818	-78.629
3002350	1829823	-79.37
3002329	1829817	-78.62
3002182	1830399	-90.33
3001983	1829644	-72.389
3002350	1829810	-79.379
3002236	1829763	-75.29
3002215	1829755	-74.419
3002326	1829816	-78.61
3002315	1830196	-83.629
3002479	1829662	-84.33
3002251	1829768	-75.9
3002688	1829892	-88.139
3002026	1829685	-68.36
3002322	1830202	-83.9
3003050	1829879	-101.129
3001992	1829613	-72.68
3002488	1829655	-84.709
3002017	1829683	-68.319
3002376	1830276	-86.04
3001884	1830558	-97.569
3002513	1829654	-85.43
3002536	1829661	-85.959
3002199	1829750	-73.86
3002437	1829840	-82.069
3002493	1829821	-83.68
3002270	1829778	-76.709
3002320	1829794	-78.54
3001846	1829888	-70.66
3002321	1829794	-78.58
3002317	1830198	-83.819
3002328	1829817	-78.8
3002081	1829706	-69.849
3003013	1829993	-94.29
3001981	1829667	-73.209
3002521	1829551	-87.01
3002559	1829682	-91.29
3002007	1829679	-68.769
3001970	1829772	-65.98
3002182	1830106	-79.66
3001973	1829647	-75.459
3002316	1829793	-78.559
3002325	1829795	-78.91
3002159	1829736	-72.47
3002290	1829798	-77.629
3002409	1829696	-87.62
3002536	1829837	-85.23
3002418	1829828	-81.779
3001930	1829754	-71.0
3002317	1829361	-92.459
3002364	1829806	-80.15
3002966	1829991	-93.809
3003048	1829668	-98.87
3002173	1830116	-79.97
3002493	1829654	-85.199
3001968	1829771	-66.16
3002176	1829741	-73.279
3002246	1829781	-76.089
3001997	1829675	-69.8
3001874	1829780	-72.559
3001973	1829773	-66.099
3002202	1830007	-81.41
3002138	1829828	-72.389
3002583	1829679	-87.339
3002980	1829996	-94.099
3001978	1829636	-74.47
3001924	1829651	-77.83
3002310	1829790	-78.559
3001972	1829773	-66.19
3001895	1830562	-98.449
3002289	1829644	-82.059
3001895	1829640	-77.069
3001934	1830494	-91.43
3002287	1829782	-77.809
3002298	1830185	-83.75
3002386	1830259	-86.47
3001856	1830547	-89.87
3001845	1830549	-89.97
3002182	1830251	-90.16
3002175	1830111	-80.18
3002571	1829673	-87.309
3002161	1829810	-79.779
3002582	1829679	-87.55
3002173	1830105	-80.069
3002252	1829771	-76.629
3002454	1829849	-83.15
3002000	1829676	-69.839
3002058	1829539	-81.4
3002564	1829671	-87.209
3002360	1829803	-80.379
3002352	1830308	-86.93
3001907	1829793	-68.019
3002362	1829794	-80.44
3002061	1829801	-69.01
3002174	1829780	-79.629
3002395	1830265	-86.83
3002415	1829837	-82.129
3002434	1829838	-82.669
3002147	1829732	-72.41
3002304	1829881	-79.449
3003100	1829750	-101.379
3003045	1829875	-101.93
3001833	1829883	-71.93
3001995	1829606	-73.76
3002318	1829790	-79.23
3002421	1829837	-82.419
3001897	1829913	-70.4
3002420	1830277	-87.489
3002253	1829783	-76.87
3002399	1830266	-87.059
3002432	1829840	-82.769
3001841	1829719	-77.519
3002255	1829770	-76.98
3001854	1830547	-90.18
3002302	1829786	-78.709
3002191	1829750	-74.449
3002839	1829135	-99.379
3002236	1829963	-78.66
3002365	1829800	-80.8
3002331	1829818	-79.769
3001853	1829891	-71.349
3002459	1829687	-87.69
3002307	1829973	-86.309
3001850	1830548	-90.319
3002411	1829326	-91.099
3001867	1829776	-75.779
3002529	1829835	-85.75
3002481	1829660	-85.459
3002356	1829796	-80.61
3002601	1829685	-92.5
3002130	1829725	-72.12
3002478	1829664	-85.349
3002467	1829856	-83.86
3002124	1829723	-71.91
3002586	1829856	-86.629
3001882	1830557	-98.55
3002426	1829835	-82.769
3002613	1829687	-93.29
3002286	1829796	-78.269
3002450	1829846	-83.449
3002206	1829755	-75.15
3002210	1829754	-75.349
3002182	1829765	-78.04
3002457	1829850	-83.669
3002409	1829814	-82.309
3003004	1830006	-95.16
3001860	1830547	-90.379
3002297	1830183	-84.25
3001838	1829759	-81.23
3002109	1829719	-71.44
3002299	1829786	-78.83
3002264	1829788	-77.589
3001941	1830499	-92.129
3002052	1829798	-69.19
3002080	1830383	-86.75
3002156	1829816	-80.75
3002307	1829789	-79.25
3001992	1829612	-73.989
3002360	1829381	-89.059
3002284	1830175	-84.029
3001923	1829926	-71.25
3002303	1829788	-79.12
3002076	1830388	-89.66
3002593	1829682	-90.66
3002257	1830154	-83.15
3002176	1829774	-80.309
3002290	1829783	-78.709
3002367	1829803	-81.269
3002831	1829275	-97.18
3003052	1829884	-102.449
3002362	1829793	-81.12
3002381	1830043	-92.419
3002486	1829655	-86.04
3001978	1829658	-74.47
3002318	1829811	-79.819
3002680	1829889	-89.41
3002332	1829796	-80.319
3002097	1830207	-82.599
3002201	1830092	-82.76
3002150	1829735	-73.22
3003052	1829648	-101.919
3002295	1829800	-78.989
3002600	1829860	-87.37
3002312	1829791	-79.639
3002360	1829794	-81.16
3003016	1829979	-95.699
3002484	1829656	-86.089
3002356	1830302	-87.699
3002268	1829922	-79.569
3002269	1829775	-78.16
3002304	1830189	-84.919
3002323	1829813	-80.129
3002259	1829772	-77.809
3002498	1829654	-86.569
3001853	1829724	-82.83
3002424	1829729	-86.65
3001996	1829608	-74.43
3001859	1829725	-81.339
3002597	1829585	-89.87
3002016	1829574	-79.76
3003052	1829886	-102.72
3002413	1829820	-82.959
3002690	1829457	-93.069
3002387	1830029	-92.54
3002295	1829891	-80.059
3002149	1830016	-86.43
3002343	1830087	-83.83
3002888	1829212	-99.25
3002482	1829658	-86.169
3002405	1829702	-89.0
3001844	1830549	-91.089
3002581	1829678	-88.58
3002327	1829817	-80.419
3002347	1829797	-81.069
3003096	1829755	-100.86
3002455	1829691	-89.319
3002319	1830200	-85.569
3002296	1829785	-79.309
3002339	1830637	-96.819
3002336	1829818	-80.699
3001996	1829604	-74.839
3002241	1829765	-77.319
3002332	1829818	-80.61
3002482	1829816	-85.099
3002183	1829977	-83.55
3002109	1829716	-72.16
3001754	1830292	-91.779
3002286	1829902	-80.18
3002293	1830181	-84.86
3001921	1829900	-73.79
3003051	1829883	-102.98
3002059	1829801	-70.11
3002274	1829915	-80.04
3002777	1829348	-96.01
3002318	1829793	-80.309
3001925	1829927	-71.91
3002182	1829980	-83.61
3003051	1829888	-102.989
3002262	1829929	-81.029
3002047	1830100	-86.919
3002160	1829812	-81.169
3002144	1830019	-87.05
3002511	1829828	-86.25
3001975	1829775	-67.639
3002374	1830245	-87.489
3002616	1829686	-93.98
3002303	1829979	-90.839
3002308	1829788	-80.059
3002307	1829877	-80.809
3002326	1829795	-80.739
3002285	1829781	-79.239
3003048	1829899	-103.129
3002154	1829734	-74.069
3002175	1829776	-81.029
3002381	1830251	-87.779
3002301	1830187	-85.389
3001940	1830406	-88.029
3002325	1829789	-80.769
3001910	1830573	-99.489
3001818	1830403	-92.69
3002322	1829859	-81.19
3001904	1829644	-77.16
3002357	1829804	-81.779
3002141	1829729	-73.629
3002348	1830223	-86.879
3002182	1829981	-83.79
3002614	1829687	-94.379
3002315	1829809	-80.51
3002121	1830109	-81.0
3002264	1829773	-78.629
3002273	1829776	-78.959
3002301	1829786	-79.959
3002259	1829785	-78.449
3002293	1829784	-79.669
3002636	1829873	-89.129
3002460	1829852	-84.879
3002043	1830275	-84.8
3002067	1830179	-84.37
3002510	1829564	-88.669
3002326	1829817	-80.94
3002444	1829844	-84.47
3002389	1830265	-88.29
3003024	1829867	-103.51
3002047	1830099	-86.98
3001912	1830577	-99.379
3002363	1829793	-82.059
3002413	1829690	-91.139
3002563	1829628	-89.25
3002192	1829765	-75.79
3003016	1829997	-96.529
3001895	1829740	-77.959
3002016	1829785	-68.839
3002551	1829662	-88.629
3002396	1829807	-83.16
3001858	1830547	-91.639
3002586	1829680	-89.739
3002186	1829764	-75.599
3001929	1829930	-72.48
3002381	1830608	-102.18
3001943	1829659	-76.709
3002398	1829807	-83.269
3001819	1830402	-92.879
3002281	1829794	-79.44
3002902	1829190	-100.339
3002572	1829674	-89.11
3002349	1829797	-81.819
3002428	1829723	-87.65
3002379	1830249	-88.059
3002271	1829790	-79.11
3002276	1829777	-79.3
3002168	1829794	-75.33
3002144	1830078	-80.68
3002440	1829842	-84.58
3002135	1829727	-73.75
3001875	1829730	-75.48
3002371	1829798	-82.54
3001802	1829621	-83.669
3002274	1829779	-79.33
3002247	1830146	-84.029
3002146	1830018	-87.51
3002675	1829476	-93.449
3002508	1830499	-99.199
3002423	1830280	-89.309
3002359	1830066	-95.72
3002154	1830066	-80.669
3002294	1829784	-80.089
3002438	1829711	-88.16
3001904	1829917	-72.26
3002417	1829327	-92.73
3002476	1829667	-86.849
3002165	1829801	-81.69
3002078	1830386	-89.319
3002276	1829792	-79.519
3002577	1829676	-89.47
3001816	1829731	-78.33
3002305	1829788	-80.58
3001902	1830457	-89.91
3002358	1830231	-87.69
3002183	1830105	-82.12
3003013	1829990	-96.849
3002117	1830114	-81.599
3003047	1829671	-101.15
3002410	1829815	-83.949
3002488	1829819	-86.16
3001874	1830553	-96.25
3002381	1829786	-86.55
3001836	1829717	-77.91
3001894	1829912	-72.3
3002176	1829773	-81.709
3002092	1829713	-72.61
3002178	1829769	-81.489
3002185	1830247	-92.3
3002133	1829729	-73.949
3002555	1829665	-89.19
3002374	1830279	-88.87
3002670	1829485	-93.529
3001977	1829775	-68.44
3002305	1829976	-90.48
3002407	1830270	-89.199
3001893	1829739	-77.629
3002372	1829798	-82.94
3002357	1829796	-82.489
3002462	1829809	-85.819
3002210	1829665	-82.519
3002172	1830106	-82.36
3002174	1830113	-82.529
3002351	1830226	-87.779
3001970	1829773	-68.709
3001903	1830566	-101.139
3002195	1830014	-84.16
3002481	1829865	-86.129
3002140	1829828	-75.059
3001817	1829705	-75.23
3002183	1830031	-85.269
3002148	1830148	-83.089
3002173	1829782	-82.01
3002175	1830087	-82.0
3002185	1829973	-84.879
3002317	1829810	-81.44
3002472	1829813	-86.19
3001814	1830405	-93.779
3002151	1830013	-87.76
3002196	1829765	-77.66
3002437	1829841	-85.12
3001995	1829674	-72.9
3002416	1829825	-84.529
3002153	1830011	-87.75
3002147	1830017	-88.059
3001975	1829773	-68.819
3002371	1830055	-95.04
3002330	1829795	-82.0
3002306	1829804	-81.139
3002176	1830095	-82.279
3001901	1830565	-101.29
3002125	1829726	-74.05
3001893	1830562	-101.029
3002456	1829807	-85.91
3002277	1830172	-85.809
3002378	1830002	-92.019
3002699	1829446	-94.889
3002100	1829716	-73.239
3001925	1829902	-75.269
3002207	1829664	-82.83
3001974	1829775	-68.91
3002183	1830106	-82.72
3001904	1830467	-90.699
3002143	1830302	-93.75
3002300	1830186	-86.519
3002297	1829785	-80.879
3002384	1830605	-103.019
3002027	1829789	-70.19
3001823	1830397	-93.569
3002175	1830089	-82.309
3002464	1829624	-89.04
3002392	1830264	-89.41
3002413	1829838	-84.709
3002312	1830194	-86.949
3002312	1829873	-82.29
3002384	1829782	-87.41
3001947	1830091	-80.01
3002281	1830174	-86.059
3001947	1829764	-70.3
3002436	1829661	-86.639
3002006	1829586	-78.319
3001824	1830396	-93.589
3002166	1830114	-82.87
3001756	1830292	-93.47
3002000	1829597	-76.94
3002303	1829977	-91.86
3002046	1830101	-89.22
3002179	1829986	-86.51
3001978	1829775	-69.029
3002147	1829632	-79.94
3002286	1829781	-80.639
3002250	1830149	-85.019
3001871	1829778	-76.559
3001974	1829774	-69.12
3002383	1829799	-83.87
3002137	1829828	-75.389
3001879	1830555	-100.93
3002288	1829782	-80.779
3002371	1830283	-89.58
3002163	1829807	-82.54
3001873	1830552	-95.989
3002386	1830260	-89.419
3002238	1830139	-84.72
3002167	1829797	-80.26
3003050	1829880	-104.699
3002573	1829674	-90.3
3001815	1830405	-94.23
3002419	1829682	-91.79
3002304	1829475	-87.199
3001906	1830569	-101.709
3001872	1830551	-94.949
3002573	1829615	-90.87
3002020	1830304	-86.919
3001894	1830562	-101.5
3002125	1830103	-82.309
3002502	1830467	-94.0
3002361	1829794	-83.36
3002149	1830073	-81.809
3002429	1829836	-85.459
3002208	1829998	-82.319
3002153	1830141	-83.709
3001902	1830566	-101.8
3002369	1830288	-89.839
3002280	1829779	-80.72
3001904	1829792	-71.26
3002145	1830019	-88.72
3002041	1830087	-92.879
3002272	1829667	-81.73
3002275	1830171	-86.25
3001889	1829787	-72.94
3003017	1830005	-98.01
3002536	1829659	-89.72
3001930	1829948	-74.62
3002631	1829540	-93.18
3002162	1830130	-83.569
3002506	1830500	-101.169
3002334	1830212	-88.099
3001852	1830547	-93.129
3002414	1829688	-92.769
3002278	1829780	-80.769
3002431	1829837	-85.699
3002477	1829863	-86.91
3002291	1829783	-81.26
3001944	1830094	-80.65
3002171	1830081	-82.66
3002178	1829986	-87.05
3002763	1829499	-106.62
3002404	1829848	-91.01
3001876	1829731	-76.4
3002419	1829735	-88.839
3002333	1829796	-82.87
3002186	1830213	-86.059
3002425	1829673	-87.9
3002309	1830192	-87.459
3001876	1830554	-98.94
3002256	1829937	-83.139
3001866	1829631	-70.79
3001943	1830095	-80.779
3002384	1830254	-89.769
3002290	1830178	-86.889
3002864	1829241	-100.879
3001836	1829885	-75.01
3002567	1829622	-91.349
3001998	1829602	-77.16
3001920	1830482	-91.699
3002149	1830015	-88.819
3001976	1829775	-69.639
3002478	1829814	-87.279
3002163	1830129	-83.79
3002167	1830420	-95.97
3002279	1829501	-86.25
3002168	1830113	-83.54
3003014	1830007	-98.26
3002402	1829855	-94.669
3002562	1829671	-90.559
3002176	1830039	-86.5
3002147	1829634	-81.12
3002046	1830090	-85.599
3003046	1829902	-105.139
3002284	1829651	-83.599
3002442	1829843	-86.279
3002412	1829819	-85.419
3002345	1830221	-88.76
3002348	1830313	-90.4
3001873	1829729	-77.79
3002430	1829839	-85.97
3002317	1829465	-88.36
3002505	1829570	-90.36
3002364	1829792	-83.989
3002175	1830103	-83.61
3002012	1829783	-70.559
3002158	1829813	-83.589
3002324	1829815	-82.809
3002164	1830275	-92.779
3002253	1829528	-87.639
3002315	1829789	-82.5
3001944	1830400	-89.989
3001905	1830568	-102.37
3002500	1830540	-95.61
3002140	1830085	-82.599
3002551	1829679	-92.089
3001963	1830070	-80.209
3002197	1830089	-85.72
3001904	1830567	-102.44
3002067	1829803	-72.919
3001909	1830571	-102.069
3002262	1829675	-84.73
3002333	1829818	-83.209
3002500	1829577	-90.37
3002253	1829677	-84.529
3003020	1829865	-105.47
3001866	1829898	-74.36
3002142	1829829	-76.529
3002172	1830082	-83.199
3002024	1830299	-87.559
3002200	1829660	-82.4
3001926	1830488	-92.199
3002385	1829801	-84.9
3001902	1830465	-91.83
3002354	1829806	-83.97
3002425	1829834	-86.12
3001934	1829935	-74.72
3002198	1829660	-82.459
3002151	1830144	-84.5
3002170	1830076	-83.139
3002136	1829828	-76.36
3002205	1829663	-83.849
3002381	1830270	-90.47
3001859	1829894	-74.709
3002478	1829862	-87.569
3002282	1829781	-81.589
3002355	1829796	-84.089
3002176	1830200	-86.22
3001945	1830094	-81.3
3001796	1830317	-94.8
3002044	1830104	-90.519
3001841	1830239	-87.93
3002462	1829853	-87.25
3002497	1830534	-95.79
3002179	1830108	-84.129
3002169	1830075	-83.19
3001816	1830404	-95.23
3002139	1830306	-95.19
3002470	1829858	-87.48
3002164	1829803	-83.669
3002439	1829842	-86.68
3002405	1830394	-93.75
3001932	1829933	-74.8
3002279	1829504	-86.699
3001842	1830142	-90.01
3001870	1829728	-79.269
3002154	1829819	-80.43
3001917	1829923	-74.5
3002047	1830269	-87.069
3002267	1829671	-82.37
3002181	1830208	-86.589
3001892	1829787	-73.639
3002294	1829637	-86.43
3002013	1830253	-87.72
3002178	1829987	-87.779
3002174	1830104	-84.08
3002046	1830091	-86.989
3002160	1830131	-84.459
3002446	1829803	-87.08
3001936	1830496	-95.599
3002332	1829785	-86.419
3002170	1830119	-84.349
3002143	1830019	-88.37
3001856	1829725	-85.069
3002443	1829705	-90.019
3002168	1830121	-84.389
3002344	1830319	-96.459
3002271	1830170	-87.19
3002491	1829654	-89.569
3002171	1830071	-82.87
3002417	1829684	-93.349
3001855	1830547	-94.099
3002512	1830494	-101.41
3001990	1829672	-75.519
3002162	1829809	-83.889
3002279	1829658	-83.22
3003028	1829948	-99.239
3002313	1829788	-83.059
3002145	1830151	-84.97
3001847	1830549	-94.22
3002644	1829522	-94.809
3002151	1830138	-84.79
3002145	1829828	-77.139
3002309	1829472	-88.69
3001943	1829762	-72.33
3002359	1829795	-84.55
3002324	1830204	-88.86
3002410	1830272	-91.309
3002157	1829815	-84.309
3002161	1830005	-88.279
3001908	1830148	-83.819
3002147	1829613	-82.269
3002578	1829677	-91.769
3002383	1829800	-85.379
3002064	1829802	-73.419
3002082	1830381	-90.44
3002230	1830134	-85.91
3001867	1829727	-81.209
3002549	1829678	-91.089
3001815	1830330	-97.699
3001915	1829921	-74.76
3002166	1830124	-84.639
3002411	1829817	-86.279
3002399	1829808	-85.93
3001950	1830087	-81.54
3002259	1830156	-86.919
3002431	1830285	-91.94
3002191	1830084	-86.059
3002465	1829854	-87.819
3002029	1830293	-88.08
3002157	1830136	-84.879
3002788	1829333	-99.4
3001916	1830134	-84.739
3002188	1830245	-94.389
3002346	1829768	-91.41
3002022	1829787	-71.79
3002175	1830101	-84.279
3002069	1829804	-73.8
3002285	1830001	-99.29
3002278	1830010	-93.389
3001911	1830575	-102.339
3003015	1829995	-99.3
3002083	1830157	-84.889
3002186	1829973	-86.8
3001999	1829599	-78.519
3002147	1829610	-82.87
3002447	1829845	-87.43
3002160	1830006	-89.43
3002158	1830007	-89.529
3001907	1830570	-103.11
3002148	1829827	-77.5
3002531	1829169	-102.9
3002345	1830335	-91.8
3002143	1830154	-85.339
3002176	1830099	-84.349
3002159	1830134	-84.989
3002640	1829528	-95.0
3002187	1829971	-86.309
3002400	1829809	-86.129
3002709	1829432	-97.069
3002659	1829504	-95.599
3001948	1830090	-81.809
3001853	1830547	-94.5
3002293	1829990	-91.3
3002426	1829838	-86.94
3002197	1830231	-87.97
3002401	1829809	-86.23
3002169	1830074	-83.86
3002422	1829831	-86.86
3002610	1829436	-95.65
3001859	1830547	-94.55
3002150	1829825	-77.72
3002353	1829796	-84.8
3002397	1830265	-91.449
3002253	1830151	-86.989
3002408	1829750	-89.819
3001983	1829775	-71.01
3002407	1829813	-86.489
3002256	1829677	-85.65
3002405	1829811	-86.44
3002184	1829654	-82.879
3001820	1829981	-79.379
3002386	1829801	-85.87
3002196	1830107	-85.099
3002155	1829640	-81.58
3002387	1829778	-89.68
3002180	1829984	-88.47
3003015	1829996	-99.58
3002044	1829795	-73.019
3002378	1829790	-88.62
3001907	1830150	-84.37
3001890	1829738	-79.05
3002175	1830099	-84.589
3002382	1829364	-94.01
3002399	1829809	-86.349
3002177	1829988	-88.61
3001878	1829732	-77.75
3002065	1830246	-87.43
3001910	1829794	-72.589
3002176	1829771	-84.519
3002378	1829798	-85.739
3002467	1829811	-88.51
3002478	1830447	-95.26
3001910	1830574	-102.79
3002435	1829800	-87.51
3001992	1829673	-75.819
3002070	1830240	-87.379
3001928	1830490	-94.9
3002266	1830137	-87.099
3002173	1829784	-84.37
3001773	1830053	-89.12
3001820	1829983	-79.62
3002173	1830114	-85.11
3001920	1830431	-92.129
3002651	1829512	-95.73
3002161	1830279	-94.15
3001945	1830093	-82.279
3002505	1830501	-102.98
3002361	1830234	-90.669
3002004	1830267	-88.87
3002352	1829796	-85.059
3002175	1829778	-84.48
3002003	1829590	-79.69
3002331	1830209	-89.769
3002008	1829782	-71.819
3002364	1830060	-101.889
3002175	1829990	-88.83
3002177	1829771	-84.519
3002492	1829654	-90.43
3002334	1829783	-85.379
3003017	1829863	-106.529
3002170	1830073	-84.239
3002361	1830295	-91.769
3001753	1830292	-95.589
3002352	1829807	-85.15
3002602	1829578	-94.11
3002152	1830012	-90.319
3002087	1830374	-91.48
3002224	1829671	-84.599
3002175	1830093	-84.76
3002286	1830176	-88.51
3001897	1830563	-103.72
3002156	1830009	-90.16
3001917	1829898	-74.569
3002311	1829471	-89.61
3002082	1829808	-75.059
3002402	1830268	-91.98
3002325	1829854	-84.849
3002371	1830367	-93.199
3002429	1830411	-94.419
3002182	1830107	-85.22
3002276	1829661	-83.98
3001868	1830549	-95.029
3002560	1829630	-92.62
3002373	1829798	-85.87
3002295	1830182	-88.839
3002337	1829797	-84.86
3001976	1829774	-71.419
3002411	1829746	-90.419
3002282	1829655	-84.339
3002335	1829797	-84.839
3002421	1829830	-87.4
3002389	1829803	-86.44
3002127	1830323	-94.269
3002149	1829825	-78.23
3002369	1829799	-85.809
3002404	1829849	-93.639
3001924	1830486	-93.599
3002116	1830184	-86.54
3002162	1829643	-81.139
3002101	1830202	-86.91
3002623	1829552	-95.0
3002515	1829558	-92.48
3001940	1830100	-82.839
3002367	1830240	-91.16
3002283	1829780	-82.97
3002386	1830264	-91.839
3002112	1829819	-76.599
3002166	1830115	-85.379
3002387	1830601	-105.61
3001932	1829944	-76.569
3002406	1829700	-92.879
3002395	1829806	-86.699
3002002	1829592	-79.809
3002354	1829796	-85.459
3002033	1829791	-73.08
3001936	1830103	-83.029
3002306	1830190	-89.36
3002332	1830098	-90.11
3002150	1830145	-86.0
3002411	1829839	-87.25
3002150	1830443	-99.629
3002399	1829858	-100.379
3002301	1829981	-93.779
3002033	1830286	-88.839
3001954	1830083	-82.4
3002282	1830004	-98.569
3002047	1830091	-86.699
3002187	1829655	-83.61
3002575	1829675	-92.8
3002391	1830265	-92.089
3002165	1830127	-85.779
3002158	1829641	-81.849
3002194	1830087	-87.519
3003051	1829662	-104.169
3002393	1829805	-86.779
3002162	1830005	-88.889
3002354	1830229	-90.98
3002363	1829792	-85.849
3002241	1830142	-87.37
3001998	1829599	-79.5
3003048	1829877	-107.23
3002150	1830179	-86.98
3003054	1829655	-106.599
3001948	1830089	-82.669
3002366	1830361	-93.41
3002154	1830182	-87.11
3001931	1829947	-76.9
3002430	1829798	-88.0
3001908	1830571	-103.959
3002341	1829775	-92.12
3002175	1830110	-85.66
3002146	1829828	-78.43
3002323	1829789	-84.699
3002259	1829676	-86.569
3001843	1830140	-91.169
3002047	1830093	-88.05
3002115	1830339	-93.889
3003012	1829862	-107.199
3002152	1830143	-86.199
3002047	1830097	-90.279
3002368	1830287	-92.29
3002274	1829664	-84.3
3002341	1829797	-85.389
3002038	1830281	-88.949
3002140	1830156	-86.41
3001851	1829642	-72.519
3002621	1829555	-95.319
3002079	1830162	-88.22
3002222	1830128	-86.9
3002159	1830124	-85.83
3002185	1829974	-88.029
3002571	1829617	-93.47
3002173	1830115	-85.86
3002075	1830168	-88.44
3002390	1829804	-86.9
3002055	1829800	-74.36
3002165	1830117	-85.779
3002375	1830000	-95.089
3002146	1830298	-95.19
3002165	1829645	-81.23
3002153	1829639	-82.809
3001851	1829643	-72.22
3002187	1830215	-88.47
3002338	1830215	-90.699
3001932	1829945	-77.01
3002387	1829802	-86.849
3002389	1829660	-88.25
3002190	1829657	-84.16
3001971	1830062	-82.01
3002091	1829811	-76.069
3002404	1830577	-104.669
3002570	1829673	-92.989
3002424	1829838	-88.0
3001891	1830561	-104.129
3001880	1829734	-78.44
3002042	1830087	-93.36
3002178	1830108	-85.919
3002154	1829640	-82.69
3001967	1829824	-72.319
3002149	1830147	-86.43
3002141	1830152	-86.459
3001873	1829779	-78.98
3001926	1829959	-82.26
3002122	1829824	-77.639
3002040	1829794	-73.86
3002415	1829741	-91.129
3002294	1829989	-91.209
3003014	1829994	-100.599
3002402	1829810	-87.419
3001817	1830404	-97.01
3002173	1830070	-84.58
3002334	1830632	-100.779
3002357	1830632	-105.629
3001932	1829943	-77.089
3002151	1829823	-78.949
3001952	1830507	-97.73
3002391	1829804	-87.15
3002120	1829823	-77.629
3002190	1830242	-94.25
3001979	1829775	-72.11
3002157	1830184	-87.599
3002193	1830222	-88.94
3002043	1830088	-92.11
3002440	1829801	-88.69
3002390	1829661	-88.48
3002184	1829975	-88.36
3001976	1829773	-72.199
3002249	1829945	-84.37
3002407	1829842	-87.769
3002433	1829717	-91.949
3002063	1830185	-88.019
3002171	1830080	-85.33
3002156	1829640	-82.669
3001913	1830476	-94.16
3002398	1829762	-90.809
3002164	1829644	-81.62
3002135	1830091	-85.04
3002172	1830108	-86.05
3001819	1830234	-89.75
3002645	1829521	-96.569
3002158	1830283	-94.47
3002179	1829985	-89.72
3001927	1829929	-76.699
3001933	1829936	-76.97
3001901	1830461	-93.98
3002189	1830023	-86.459
3002009	1830148	-88.669
3001887	1830170	-91.669
3002142	1830150	-86.739
3002343	1829772	-92.8
3002138	1830599	-100.62
3002154	1830578	-99.389
3001921	1830123	-87.129
3002047	1829796	-74.459
3002065	1829803	-75.239
3002282	1830641	-107.18
3002390	1829662	-88.68
3001984	1829775	-72.459
3002175	1830101	-85.959
3002354	1830305	-92.97
3001805	1830017	-83.68
3002645	1829519	-96.779
3002168	1829998	-89.23
3002183	1829979	-88.389
3002077	1830231	-88.48
3002154	1829818	-83.389
3001818	1830233	-90.0
3002023	1830241	-88.419
3001924	1830121	-86.29
3002130	1830098	-85.43
3002308	1829972	-90.489
3002158	1830431	-98.839
3002045	1830103	-92.739
3002367	1830290	-92.989
3002242	1829954	-84.559
3002401	1829857	-98.029
3002154	1830140	-86.87
3003018	1829998	-101.12
3001952	1830085	-83.339
3002179	1830254	-96.54
3002152	1829822	-79.44
3002302	1829980	-95.26
3002357	1830303	-93.12
3001816	1830405	-97.54
3001988	1829837	-73.5
3002217	1829669	-86.339
3001762	1830295	-96.5
3002379	1830273	-92.919
3002172	1830117	-86.569
3003050	1829892	-108.129
3002171	1829994	-90.379
3002405	1830269	-93.279
3002203	1830112	-86.93
3001923	1830121	-87.279
3002074	1830391	-95.349
3002185	1830211	-89.029
3002511	1830496	-103.54
3002047	1830098	-91.41
3002144	1830152	-87.12
3002148	1829826	-79.349
3002328	1830206	-91.08
3001987	1829775	-72.769
3002161	1830131	-86.769
3002327	1830386	-100.639
3001814	1830330	-99.66
3001923	1829965	-82.529
3001926	1829801	-73.19
3002163	1830118	-86.51
3001858	1830210	-93.599
3003049	1829878	-108.169
3002320	1829789	-85.5
3002388	1829803	-87.629
3002390	1829774	-91.43
3002286	1830256	-97.94
3001836	1830149	-92.069
3002159	1829641	-82.8
3002398	1829808	-87.97
3002044	1830089	-91.639
3002174	1829648	-81.959
3002173	1829993	-90.449
3002165	1830001	-87.739
3001886	1829736	-79.72
3002403	1829854	-97.339
3001871	1829729	-81.089
3002000	1830328	-91.04
3002151	1829824	-79.65
3002196	1830233	-89.93
3001904	1830468	-94.62
3002177	1830258	-95.919
3002155	1830130	-86.83
3001920	1829797	-73.639
3002296	1830650	-107.97
3001853	1829646	-74.33
3002174	1829992	-90.43
3002191	1830221	-89.599
3002383	1830253	-92.959
3001933	1829942	-77.809
3001889	1830560	-104.97
3002176	1829990	-90.379
3001922	1830122	-87.699
3002155	1830010	-91.709
3002421	1829679	-95.029
3002113	1830120	-86.279
3001944	1829811	-73.04
3002147	1830144	-87.239
3002124	1829825	-78.62
3001915	1830135	-86.599
3002092	1830146	-86.879
3002408	1829699	-93.989
3001907	1830569	-105.33
3002343	1830325	-93.75
3002144	1829931	-81.459
3002442	1829652	-90.86
3001915	1830579	-104.16
3001970	1830063	-83.059
3002416	1830275	-93.9
3001964	1829822	-73.22
3001898	1829790	-75.489
3002154	1829938	-82.01
3002404	1829810	-88.43
3002299	1830652	-108.269
3002170	1830078	-86.11
3002133	1829827	-79.15
3001943	1830096	-84.25
3001924	1829963	-83.379
3002372	1830285	-93.54
3002341	1830218	-91.93
3001933	1829934	-77.669
3002324	1829814	-86.029
3002144	1829828	-79.66
3002379	1829798	-87.739
3001931	1830492	-98.279
3002173	1830083	-86.319
3002090	1830216	-88.86
3001942	1830096	-84.319
3002279	1830009	-96.19
3002160	1830132	-87.26
3001852	1829647	-73.699
3001966	1830518	-98.72
3001854	1829645	-75.529
3002402	1829809	-88.5
3003042	1829874	-108.699
3001933	1829941	-78.059
3002346	1829797	-86.839
3002152	1830439	-101.139
3001924	1830120	-87.08
3002188	1829969	-83.83
3002370	1829798	-87.55
3002148	1830143	-87.529
3002132	1830164	-87.849
3002234	1830137	-88.62
3002387	1830261	-93.489
3002028	1830235	-89.029
3002058	1829801	-75.769
3002663	1829498	-98.12
3002169	1829996	-91.0
3001912	1829795	-74.55
3001980	1829775	-73.23
3002040	1830108	-93.889
3002179	1830072	-86.8
3002127	1829825	-79.089
3002364	1830237	-92.819
3002451	1829805	-90.15
3002036	1829792	-74.9
3002137	1830021	-87.379
3001934	1830106	-84.849
3002273	1830170	-90.11
3002171	1830110	-87.139
3002191	1830570	-100.699
3002174	1830086	-86.599
3002350	1829797	-87.12
3001862	1830092	-89.47
3001897	1830410	-93.9
3001874	1829730	-80.849
3002187	1830104	-87.199
3001966	1830067	-83.559
3001935	1829805	-73.62
3001902	1830459	-95.0
3001929	1829904	-79.819
3002628	1829545	-97.019
3002353	1829761	-94.209
3002088	1829810	-77.37
3002171	1830118	-87.379
3001899	1830563	-105.9
3001887	1830421	-95.779
3002135	1829828	-79.62
3002197	1830230	-90.47
3001991	1829838	-74.47
3002278	1830023	-87.629
3002131	1830647	-99.16
3002312	1829807	-86.0
3002147	1829828	-80.16
3002382	1829358	-96.58
3002163	1830004	-89.37
3001933	1829655	-81.01
3002401	1829708	-95.349
3001953	1830338	-92.0
3002073	1829805	-76.76
3002274	1830468	-99.97
3001989	1830505	-99.349
3002155	1830287	-94.98
3002156	1830137	-87.839
3002047	1830094	-90.44
3002401	1829758	-92.19
3002171	1830266	-96.279
3002131	1829826	-79.559
3003096	1829754	-106.529
3002292	1829991	-94.86
3002178	1830109	-87.489
3001884	1829907	-77.54
3002045	1830090	-91.309
3002157	1830008	-92.339
3002161	1830122	-87.54
3001841	1830142	-93.75
3002159	1830135	-87.8
3001955	1830080	-84.26
3002004	1829780	-74.069
3001919	1830127	-89.199
3002619	1829558	-97.019
3002000	1829779	-73.989
3001863	1829897	-78.069
3002175	1830199	-89.639
3002288	1830177	-90.839
3001902	1829791	-75.699
3002145	1830450	-101.76
3002153	1830134	-87.879
3002033	1830116	-92.43
3002169	1830111	-87.489
3002470	1829857	-90.91
3002235	1829675	-86.0
3002219	1830125	-88.58
3001852	1830467	-97.08
3001760	1830294	-98.05
3002466	1829253	-101.949
3002402	1829856	-98.91
3002374	1830282	-94.18
3002109	1830347	-94.989
3002351	1829797	-87.559
3002373	1829998	-96.94
3001923	1830427	-94.589
3001832	1830354	-99.639
3001919	1829797	-74.61
3002179	1830204	-89.91
3001979	1829932	-78.489
3003051	1829881	-109.23
3001933	1830108	-85.379
3002072	1829991	-82.37
3002186	1829972	-89.93
3002403	1829810	-89.199
3002149	1829826	-80.569
3001853	1829643	-75.779
3001852	1829648	-74.43
3001776	1830055	-91.199
3002307	1829593	-93.809
3001816	1830332	-100.86
3002188	1829968	-84.459
3001869	1830549	-97.47
3002404	1829754	-92.62
3001853	1829646	-75.349
3002365	1830291	-94.339
3002287	1830644	-108.8
3001919	1830125	-87.41
3002170	1830047	-90.849
3002120	1830626	-99.989
3002174	1830070	-86.4
3002428	1829839	-90.029
3001925	1830117	-86.68
3002117	1829822	-79.269
3001816	1830331	-100.989
3002274	1830171	-90.769
3002169	1830112	-87.769
3002272	1830170	-90.72
3001883	1829735	-80.5
3001968	1830065	-84.11
3001904	1830568	-106.419
3002404	1830579	-107.19
3001822	1830399	-98.66
3002263	1829534	-89.099
3001833	1830155	-94.349
3002347	1830318	-100.51
3002192	1830240	-92.419
3002188	1830081	-88.839
3002349	1829764	-94.849
3002164	1830127	-88.11
3002346	1830077	-92.55
3002135	1830602	-102.41
3002553	1829638	-95.0
3002137	1829927	-82.23
3002081	1830226	-89.989
3002121	1830020	-86.989
3002339	1830091	-90.559
3002346	1830320	-100.819
3002165	1830125	-88.099
3002018	1830247	-90.18
3002159	1830060	-86.47
3001803	1830321	-101.04
3002374	1829794	-88.589
3002100	1830137	-87.75
3001908	1829919	-78.15
3001869	1829728	-83.37
3002009	1830260	-91.629
3002468	1829618	-93.15
3003017	1829975	-102.669
3002168	1830192	-89.9
3002047	1830092	-89.589
3002330	1830392	-101.809
3001925	1830118	-86.12
3002149	1830177	-89.319
3002182	1830564	-100.099
3002177	1830109	-88.069
3002279	1830007	-97.739
3002149	1830142	-88.51
3002401	1829707	-96.12
3002152	1830180	-89.48
3001961	1830073	-84.599
3002399	1829709	-96.099
3002144	1830591	-101.9
3002147	1829625	-83.29
3002124	1830327	-95.54
3002279	1830266	-98.37
3002167	1830271	-97.059
3001925	1829961	-84.48
3002187	1829970	-88.599
3002413	1830273	-95.08
3002381	1830006	-97.4
3001881	1830556	-106.129
3001932	1829803	-74.62
3002130	1830609	-101.889
3002310	1829788	-86.73
3001948	1830344	-92.98
3002132	1830606	-102.3
3001854	1829644	-76.83
3001915	1830580	-105.459
3002198	1830109	-88.489
3001891	1829910	-78.23
3002092	1830368	-93.889
3001895	1829789	-77.16
3002393	1830264	-94.76
3002359	1829754	-95.379
3002181	1829952	-84.44
3002147	1830588	-101.209
3001927	1829801	-74.87
3002359	1830299	-94.879
3002118	1830019	-86.43
3003053	1829657	-109.25
3002340	1830405	-101.79
3002177	1830071	-86.98
3002150	1830140	-88.72
3002170	1830079	-87.5
3002103	1830355	-94.489
3002152	1829821	-81.339
3002425	1830409	-97.389
3002594	1829086	-105.48
3002036	1829969	-81.489
3002109	1830192	-89.66
3002057	1830414	-97.849
3001866	1830548	-98.08
3002183	1830210	-90.83
3001851	1830357	-100.819
3002163	1830003	-89.54
3002396	1829766	-92.9
3002174	1830262	-96.669
3002109	1829818	-79.41
3001901	1830404	-94.889
3002378	1830277	-94.91
3001920	1829924	-78.739
3001976	1829829	-75.029
3001963	1830376	-93.959
3001989	1829775	-74.669
3002195	1830236	-91.699
3002226	1830131	-89.669
3002499	1830539	-100.23
3001940	1830099	-85.839
3002309	1829806	-86.989
3002167	1830123	-88.54
3001916	1830479	-96.55
3001825	1830394	-99.029
3002071	1830174	-91.279
3002163	1830128	-88.66
3001981	1830514	-100.41
3002249	1830126	-90.04
3002260	1830456	-102.29
3002389	1829659	-90.9
3002376	1830279	-95.01
3002504	1830469	-99.37
3001932	1830417	-95.169
3001822	1829747	-83.059
3001939	1830101	-86.0
3002329	1830627	-103.989
3002096	1830142	-88.37
3002141	1830020	-90.459
3001801	1830320	-101.54
3002123	1830021	-87.72
3001913	1830578	-106.01
3001820	1830400	-99.44
3001959	1830075	-85.139
3002038	1830111	-94.69
3002056	1830257	-91.22
3001927	1830114	-87.97
3002152	1829935	-83.519
3002435	1830288	-96.05
3001934	1829940	-79.559
3002347	1830338	-95.769
3002264	1830461	-101.959
3001823	1829750	-84.05
3003095	1829755	-108.23
3002390	1829664	-90.98
3001937	1830102	-86.139
3002605	1829573	-97.68
3002128	1830645	-101.269
3001921	1829798	-75.449
3002075	1829806	-78.11
3002272	1830169	-91.519
3001881	1829905	-78.76
3002437	1830417	-97.959
3002417	1829837	-90.589
3003097	1829754	-107.73
3002129	1829825	-80.699
3001861	1830547	-98.4
3002102	1829816	-79.36
3001910	1830473	-96.68
3002690	1829332	-103.569
3002169	1830120	-88.76
3002134	1830022	-88.37
3002141	1830456	-102.91
3002471	1829246	-104.019
3001990	1830057	-88.8
3002362	1830298	-95.36
3001861	1830094	-92.0
3003031	1829637	-109.449
3001906	1830451	-96.29
3002307	1830609	-105.01
3002162	1830120	-88.76
3002291	1830647	-109.86
3002000	1830273	-92.62
3002320	1830619	-104.529
3001839	1830145	-95.419
3002145	1830146	-89.26
3002456	1829635	-93.389
3002148	1830446	-102.97
3001958	1830382	-94.55
3002308	1830224	-93.4
3001923	1829800	-75.559
3002141	1829829	-81.41
3002497	1830536	-100.58
3002185	1830078	-89.379
3002136	1830310	-99.529
3002128	1830022	-88.629
3002144	1830148	-89.37
3002047	1830100	-94.29
3002188	1829970	-88.099
3002033	1829967	-81.91
3002392	1829783	-93.099
3002201	1830110	-89.22
3002183	1830076	-89.069
3002284	1830259	-100.26
3002168	1830122	-89.01
3001918	1829797	-75.919
3002094	1830211	-90.65
3001769	1830300	-94.769
3001958	1829920	-81.79
3002519	1829184	-104.089
3002154	1830132	-89.069
3001817	1830333	-102.01
3002141	1830595	-103.33
3001934	1829937	-79.76
3002134	1830162	-89.669
3001837	1830147	-94.889
3002105	1830197	-90.36
3001851	1829648	-74.709
3002183	1830396	-99.949
3002369	1830364	-96.809
3002062	1830407	-98.73
3002150	1829824	-81.879
3002184	1829976	-91.209
3002173	1830411	-101.949
3002426	1829796	-91.75
3002018	1830140	-92.01
3001929	1829802	-75.55
3002153	1829820	-83.97
3002355	1830306	-95.699
3002380	1830275	-95.54
3002175	1830100	-88.669
3002296	1829987	-89.33
3001917	1830130	-89.379
3001918	1830480	-97.169
3002147	1830150	-89.62
3001898	1830160	-95.389
3001825	1829751	-84.73
3001889	1830168	-94.37
3002178	1829988	-92.61
3002365	1829791	-89.37
3003100	1829757	-108.839
3001921	1830484	-97.26
3002037	1830222	-90.69
3001912	1830140	-89.51
3002141	1829929	-83.559
3002387	1829656	-91.489
3002513	1829192	-104.04
3002382	1830377	-97.269
3002161	1830187	-90.779
3001939	1830497	-100.529
3002206	1830115	-89.669
3002195	1830224	-92.089
3002159	1830573	-102.25
3002137	1830462	-103.41
3002381	1830273	-95.61
3002175	1830070	-87.76
3001995	1829840	-76.44
3002333	1830396	-102.819
3002290	1830250	-100.43
3002159	1830133	-89.4
3002561	1829683	-101.5
3002365	1830540	-103.519
3002270	1830466	-102.01
3002029	1830121	-94.25
3002403	1829704	-97.349
3002165	1830124	-89.309
3002262	1830288	-101.559
3002682	1829342	-103.919
3002340	1829797	-88.849
3002409	1829697	-96.18
3002381	1829798	-90.05
3001852	1830355	-101.72
3002073	1830235	-91.47
3002204	1830361	-102.5
3002422	1829837	-91.33
3002023	1830131	-94.209
3002022	1830134	-93.769
3001804	1830323	-102.279
3002173	1830084	-88.62
3001934	1829938	-80.15
3001887	1829908	-79.349
3001978	1830058	-85.319
3001986	1829835	-76.25
3002309	1830223	-93.9
3002163	1829805	-88.94
3001957	1830332	-93.769
3002551	1829640	-96.33
3002138	1830157	-89.98
3003019	1829971	-104.04
3001864	1830547	-99.069
3002165	1830423	-101.3
3002345	1829797	-89.12
3002089	1830371	-95.08
3002390	1829663	-91.75
3002279	1830023	-89.699
3002188	1830568	-102.819
3002261	1830629	-109.66
3001877	1830555	-105.339
3002356	1829757	-96.459
3002307	1830226	-94.01
3002323	1830621	-105.059
3002352	1830309	-96.129
3002170	1829995	-93.339
3002312	1830612	-105.48
3002393	1830595	-109.449
3002069	1829989	-83.959
3002251	1829677	-89.97
3002190	1830219	-92.22
3002159	1830185	-91.05
3002289	1829995	-98.819
3002180	1830206	-91.79
3002118	1830335	-97.599
3002138	1830163	-90.269
3002168	1829997	-92.709
3001911	1830474	-97.5
3002267	1830632	-109.97
3001968	1830369	-94.87
3001991	1830502	-101.4
3001996	1829605	-82.959
3001924	1829800	-76.19
3002085	1830378	-95.36
3002213	1830120	-90.29
3002286	1829999	-102.599
3002189	1830381	-101.629
3002120	1830020	-88.389
3002152	1830581	-102.559
3002205	1830095	-91.22
3001857	1830547	-99.269
3001805	1830323	-102.559
3003026	1829953	-104.339
3002277	1830638	-110.3
3001995	1830497	-101.319
3002166	1830191	-91.379
3002126	1830615	-102.72
3002250	1830303	-102.089
3002112	1830014	-87.26
3002419	1829837	-91.55
3001829	1830496	-98.54
3002157	1830575	-102.699
3002054	1830197	-90.66
3002367	1829790	-89.949
3001914	1829795	-76.9
3002417	1829827	-91.489
3002481	1830450	-99.91
3001926	1829957	-86.199
3002581	1829605	-97.69
3001994	1829840	-76.879
3002063	1829802	-78.449
3002119	1830180	-90.669
3001992	1830057	-89.97
3001995	1830335	-94.139
3002331	1830630	-105.019
3002353	1830348	-97.04
3002164	1830569	-102.559
3001931	1829946	-80.839
3002143	1829828	-82.279
3002366	1829747	-96.819
3002330	1830393	-103.339
3002106	1830351	-96.37
3002180	1829951	-85.809
3002441	1830420	-99.059
3002134	1830479	-103.62
3003038	1829923	-105.48
3002280	1830173	-92.8
3001993	1830057	-90.19
3002371	1830242	-95.55
3001929	1829952	-84.089
3002408	1829841	-91.4
3001928	1830112	-89.269
3001853	1830354	-102.16
3002132	1830022	-89.349
3002397	1829712	-97.629
3001999	1829843	-77.22
3001857	1830213	-96.54
3002580	1829108	-107.089
3002341	1830640	-105.19
3002090	1829898	-81.709
3002075	1829993	-84.55
3001976	1829930	-80.489
3001951	1829916	-82.75
3002027	1830126	-94.819
3002248	1830306	-102.29
3002139	1830158	-90.459
3003030	1829944	-104.68
3001941	1830098	-87.169
3001928	1830423	-96.639
3001726	1830174	-96.25
3001930	1830110	-89.19
3002139	1830160	-90.54
3002409	1829841	-91.55
3002387	1830267	-96.309
3002050	1829797	-78.18
3001800	1830320	-102.79
3002079	1829807	-79.5
3001941	1829809	-76.089
3002423	1829832	-91.94
3001946	1830092	-87.0
3002210	1830352	-102.25
3002284	1830475	-101.809
3001846	1830133	-91.01
3002405	1829846	-94.559
3002214	1830537	-103.41
3002385	1829667	-92.08
3001949	1829915	-82.839
3002327	1830509	-104.809
3001849	1829652	-74.879
3001973	1829828	-76.489
3002011	1830146	-92.269
3002236	1830117	-91.069
3001913	1830439	-97.199
3002593	1829590	-98.519
3001917	1829796	-77.08
3002378	1830375	-98.089
3002078	1829995	-84.83
3002302	1830654	-111.389
3001914	1830137	-89.83
3001916	1830582	-107.139
3001843	1830235	-92.69
3002316	1830500	-103.37
3002140	1830458	-104.25
3002171	1830415	-102.94
3002499	1830464	-100.769
3002165	1830126	-90.209
3001899	1830159	-94.839
3002149	1830584	-103.11
3002386	1829668	-92.239
3001766	1830298	-96.629
3001896	1830162	-96.33
3002171	1830119	-90.15
3002414	1829838	-91.889
3002292	1830035	-90.86
3002704	1829438	-102.29
3002314	1830233	-97.04
3001839	1830240	-94.839
3002170	1830120	-90.169
3001813	1830329	-103.19
3001764	1830297	-97.91
3002496	1830527	-103.48
3002374	1829798	-90.69
3002084	1829809	-80.0
3001810	1830218	-94.239
3001843	1830236	-92.809
3002327	1830624	-105.65
3002293	1830246	-99.8
3002365	1830294	-96.75
3002297	1829634	-92.44
3002255	1830295	-102.639
3002401	1829856	-101.58
3002039	1829971	-83.389
3001946	1829913	-83.099
3001961	1829820	-76.379
3002163	1830189	-91.889
3001944	1830349	-95.069
3002349	1829638	-95.959
3001928	1830370	-95.69
3002376	1829798	-90.809
3001795	1830316	-100.029
3003099	1829751	-109.199
3002222	1829979	-88.15
3002147	1830176	-91.44
3002309	1829970	-90.589
3001844	1830234	-92.83
3001992	1829777	-76.51
3002157	1830128	-90.3
3002583	1829602	-98.389
3001833	1830345	-102.66
3002269	1830138	-92.339
3002177	1830407	-103.04
3002388	1829666	-92.51
3001852	1830221	-94.68
3002473	1829860	-93.639
3002181	1829983	-93.099
3002272	1830635	-110.879
3002377	1829660	-92.279
3002406	1829844	-91.91
3002015	1830310	-94.169
3002215	1830103	-90.739
3002303	1830605	-106.699
3002257	1830454	-104.36
3002421	1829794	-93.22
3001907	1830472	-98.25
3002129	1830023	-90.019
3002382	1829785	-94.599
3001953	1829917	-83.319
3002299	1830601	-106.919
3002153	1829821	-83.339
3002395	1830386	-100.29
3001907	1830000	-87.379
3002071	1829804	-79.559
3002312	1830235	-95.139
3002113	1830015	-87.949
3002464	1830437	-100.739
3002496	1830532	-101.97
3002320	1830063	-92.04
3001909	1830473	-98.319
3002350	1830342	-97.599
3002244	1830144	-92.169
3001984	1829834	-77.19
3002378	1829733	-97.86
3002338	1829778	-95.58
3002128	1830612	-103.75
3002124	1829918	-83.959
3002188	1830385	-101.959
3002135	1830160	-91.029
3002258	1829547	-93.019
3002394	1829783	-94.489
3002177	1830202	-92.58
3002088	1830152	-90.569
3002370	1829789	-92.959
3002094	1830364	-96.0
3002170	1830077	-89.55
3002276	1830018	-93.54
3002322	1830504	-105.339
3001963	1829923	-82.339
3002262	1830459	-103.98
3002176	1830098	-90.04
3002031	1830118	-94.55
3002276	1830269	-99.569
3001837	1830241	-95.61
3001850	1830123	-92.379
3001923	1830377	-96.209
3002375	1829798	-91.069
3002136	1830159	-91.12
3001979	1830516	-102.47
3002120	1830629	-103.72
3001847	1829656	-75.889
3001989	1830057	-90.47
3002255	1830625	-108.489
3002402	1829706	-98.589
3001948	1830394	-96.559
3001851	1830224	-93.669
3002333	1830397	-104.11
3002384	1829667	-92.69
3002367	1829799	-90.9
3002229	1829971	-88.589
3001961	1829922	-82.819
3002336	1829781	-90.72
3001877	1829879	-81.309
3002395	1829715	-98.37
3002329	1830101	-97.779
3002341	1830643	-105.129
3002343	1830329	-97.569
3001914	1830477	-98.669
3002460	1829629	-95.37
3002155	1830138	-91.029
3003097	1829753	-109.66
3001757	1830293	-101.08
3002197	1830370	-103.209
3001820	1830401	-101.48
3002118	1830018	-89.37
3003050	1829890	-112.129
3002086	1829810	-80.61
3001916	1830132	-90.8
3002167	1829999	-91.419
3002061	1830251	-93.19
3002510	1830474	-102.089
3002277	1830012	-98.459
3001953	1830388	-96.569
3002252	1830299	-103.22
3002131	1830475	-104.87
3001812	1830226	-94.5
3002227	1830604	-101.62
3002343	1830321	-97.529
3002241	1829677	-91.61
3001920	1830124	-90.62
3002355	1830636	-109.62
3002016	1830142	-93.36
3001916	1829795	-77.949
3002325	1830068	-92.65
3002005	1830322	-94.93
3002050	1830203	-91.959
3002131	1830023	-90.419
3001846	1830230	-93.29
3002158	1830126	-90.819
3002405	1829847	-96.94
3002094	1829812	-81.089
3001855	1830216	-97.279
3002177	1829949	-86.79
3002181	1830564	-102.849
3002386	1830262	-97.199
3002257	1829550	-93.72
3002152	1830136	-91.169
3002161	1830427	-99.0
3001982	1829934	-81.79
3002065	1829987	-85.19
3002377	1829798	-91.519
3002142	1830655	-102.809
3002138	1830164	-91.669
3002290	1830034	-91.599
3002121	1830331	-98.949
3002172	1830195	-92.849
3002140	1830153	-91.43
3001819	1829977	-85.87
3002194	1830238	-94.209
3002390	1830598	-110.97
3002010	1830316	-94.94
3002101	1830009	-87.8
3002371	1829789	-93.8
3002188	1830217	-93.61
3002085	1829895	-82.62
3001854	1830219	-97.15
3001758	1830293	-101.419
3001941	1829910	-83.839
3002086	1830221	-92.87
3002398	1829710	-98.91
3001947	1829812	-77.16
3002041	1830215	-92.379
3002370	1830543	-105.11
3001930	1829949	-82.26
3002337	1829630	-98.559
3002149	1830295	-97.61
3002487	1830455	-101.43
3002182	1829953	-87.19
3002272	1830275	-98.72
3001938	1829807	-77.23
3002308	1830050	-92.26
3001908	1830447	-98.419
3001878	1830433	-99.73
3001893	1830165	-96.919
3002324	1830380	-105.419
3002190	1829963	-87.65
3002373	1829788	-95.169
3002095	1829900	-83.19
3002210	1830117	-91.66
3002173	1830197	-93.04
3002112	1830343	-99.059
3002127	1829921	-84.8
3002176	1830096	-90.58
3001795	1830315	-100.839
3002133	1830022	-90.589
3001973	1830060	-87.069
3001847	1829655	-76.26
3001927	1829955	-87.58
3001818	1830333	-104.029
3002054	1830417	-100.099
3002513	1830492	-105.73
3002072	1830394	-99.889
3002397	1829785	-95.15
3002346	1830083	-93.66
3002103	1830132	-90.699
3002334	1830515	-105.629
3002288	1830253	-102.339
3002091	1829898	-83.04
3002306	1830048	-92.279
3001976	1830517	-103.25
3002034	1829863	-80.16
3001984	1830349	-95.93
3002032	1830228	-92.8
3001953	1829816	-77.33
3002136	1830464	-105.36
3001978	1830356	-96.129
3002042	1829973	-84.5
3002207	1830356	-104.4
3001857	1830106	-94.419
3002096	1829813	-81.54
3003100	1829756	-110.68
3002138	1830166	-92.019
3001974	1830363	-96.37
3002324	1829607	-94.26
3001800	1830319	-104.15
3002337	1830346	-106.87
3001831	1830355	-103.11
3002294	1830597	-107.9
3002060	1830410	-100.949
3002175	1830091	-90.68
3002105	1829817	-82.01
3002187	1829959	-87.709
3001873	1830439	-100.18
3001777	1830304	-96.47
3001966	1829924	-81.669
3002148	1829934	-86.059
3002300	1829982	-98.83
3001942	1830097	-88.589
3001767	1830299	-97.58
3002332	1830661	-114.129
3002484	1830452	-101.68
3002183	1829954	-87.569
3002170	1830566	-102.769
3002400	1829786	-95.29
3001869	1830445	-100.349
3002051	1830421	-100.55
3002415	1829791	-94.58
3001993	1829839	-78.559
3001849	1829653	-76.86
3001939	1829909	-84.209
3002155	1830435	-105.36
3002396	1829784	-95.33
3001870	1830190	-99.29
3001922	1829799	-78.129
3001990	1829837	-78.449
3001905	1830469	-99.3
3001956	1829918	-84.599
3001905	1830153	-91.589
3001775	1830303	-96.639
3002152	1830291	-97.97
3002113	1830188	-92.65
3001867	1830195	-99.37
3001847	1830229	-93.91
3002138	1830162	-92.199
3001891	1830167	-96.51
3003099	1829752	-110.449
3002588	1829597	-99.79
3002093	1829899	-83.55
3002170	1830193	-93.37
3002146	1829620	-86.8
3002116	1830017	-89.139
3002189	1829966	-88.19
3002114	1829912	-84.58
3001843	1829658	-77.339
3002097	1830362	-97.05
3002419	1829829	-93.449
3002316	1830227	-96.25
3001844	1830138	-94.98
3002755	1829377	-105.339
3001776	1830303	-96.73
3002302	1829626	-96.099
3001955	1830510	-103.25
3002387	1829783	-95.959
3002337	1830635	-106.15
3002086	1829999	-86.68
3002187	1830388	-102.79
3002271	1830139	-93.709
3002363	1830359	-99.239
3002326	1830385	-105.65
3001918	1829976	-84.089
3002264	1830136	-93.559
3001944	1830501	-103.029
3002131	1829923	-85.569
3002139	1830021	-91.65
3002131	1830473	-105.819
3001926	1830116	-90.44
3002216	1830122	-92.489
3002347	1829636	-97.76
3002341	1830520	-105.93
3001925	1830119	-89.75
3001865	1830198	-99.669
3002328	1830388	-105.62
3001863	1829872	-83.86
3002276	1830015	-97.55
3002384	1829784	-96.019
3002042	1830088	-99.01
3002178	1830564	-102.959
3002056	1829800	-80.26
3002490	1830458	-102.22
3001985	1830510	-103.459
3002139	1830155	-92.3
3002325	1830506	-106.709
3002378	1830611	-109.79
3001987	1829836	-78.709
3002360	1830629	-111.22
3002316	1830616	-107.65
3002407	1829788	-95.389
3002471	1830442	-101.839
3001846	1829657	-77.269
3002052	1830263	-94.519
3002377	1829786	-96.069
3001992	1829839	-78.97
3001856	1830462	-101.199
3002394	1829716	-99.559
3002115	1830016	-89.349
3001963	1830517	-103.339
3001932	1829906	-84.37
3002374	1830052	-98.839
3002223	1830336	-103.15
3002143	1830453	-106.029
3002140	1830169	-92.809
3002131	1830474	-106.05
3002322	1830065	-93.65
3002213	1830350	-102.05
3002030	1829966	-84.809
3002134	1829925	-86.0
3002433	1830414	-101.08
3001820	1829742	-85.809
3001869	1829899	-82.25
3002067	1830400	-100.12
3002133	1830478	-105.9
3002184	1830565	-103.91
3002405	1829845	-94.47
3001903	1830466	-99.79
3002131	1830472	-106.19
3002331	1830394	-105.599
3002340	1829618	-96.389
3002258	1830569	-108.989
3001819	1830510	-101.22
3002258	1830291	-104.4
3003098	1829752	-110.989
3002350	1830312	-98.68
3001944	1829912	-84.86
3002124	1830618	-104.839
3002132	1830471	-106.199
3002297	1829985	-95.48
3001886	1830172	-97.37
3002361	1830357	-99.62
3002140	1830021	-92.089
3001831	1830161	-96.61
3002263	1830572	-108.809
3002312	1829967	-96.419
3002591	1829592	-100.48
3001982	1829833	-78.83
3002185	1830392	-102.83
3002082	1829997	-87.059
3002273	1830581	-108.29
3001833	1830348	-104.339
3002496	1830462	-102.73
3001996	1829778	-78.449
3001855	1830112	-94.809
3002349	1830527	-106.129
3002343	1830330	-99.089
3002378	1829662	-94.12
3002020	1830136	-96.139
3002177	1829989	-95.68
3002128	1830170	-92.949
3001834	1830242	-97.339
3002130	1830318	-101.61
3002225	1830109	-92.91
3001849	1829654	-77.639
3002309	1829969	-92.489
3002381	1829729	-99.73
3001816	1830231	-95.819
3002280	1830006	-102.169
3001809	1830325	-105.25
3002366	1829791	-92.47
3002011	1829849	-80.51
3002181	1829981	-94.349
3001959	1830514	-103.73
3002497	1830524	-107.43
3002144	1830173	-93.29
3001919	1829973	-86.059
3002332	1829627	-99.419
3001894	1830163	-98.4
3002365	1829637	-96.83
3002349	1830642	-109.839
3002172	1830565	-103.639
3001808	1830325	-105.25
3002289	1829993	-101.12
3001807	1830324	-105.29
3002190	1829965	-88.94
3002179	1830564	-103.48
3001820	1829739	-86.29
3001831	1830343	-104.69
3002996	1829605	-110.279
3001819	1830192	-97.8
3002136	1830022	-92.33
3001987	1830056	-90.83
3002342	1829620	-99.589
3002496	1830531	-103.93
3002045	1830209	-93.61
3002245	1830309	-104.87
3002139	1830161	-93.04
3002331	1830511	-107.05
3002122	1830177	-93.3
3002142	1830171	-93.36
3002025	1830128	-97.55
3002023	1829961	-84.949
3002239	1830119	-93.569
3002374	1830369	-100.3
3002014	1829851	-81.69
3002218	1830596	-103.08
3002062	1829985	-86.58
3001885	1829884	-82.86
3002345	1830523	-106.62
3002076	1829889	-83.61
3002411	1829789	-95.839
3002376	1830247	-98.4
3001860	1830456	-101.73
3002162	1830571	-105.26
3002011	1829951	-85.849
3002286	1830029	-93.0
3002384	1830267	-98.86
3001957	1830077	-89.08
3001773	1830302	-97.69
3002396	1830592	-109.569
3002099	1829814	-83.0
3003100	1829751	-111.459
3002123	1830640	-105.379
3002215	1829988	-90.449
3001846	1829656	-77.949
3002363	1829750	-99.65
3002379	1829785	-96.839
3002042	1830433	-104.16
3002042	1830106	-99.18
3002410	1829840	-94.26
3001865	1830548	-102.26
3002348	1830076	-98.519
3001868	1830192	-100.61
3001987	1830508	-104.239
3001968	1830519	-104.3
3002344	1829621	-99.79
3002300	1830127	-98.589
3002313	1829967	-97.739
3002114	1829821	-83.9
3002110	1830013	-90.36
3002138	1830021	-92.75
3002138	1830653	-104.489
3002322	1830108	-99.94
3001849	1829655	-78.11
3002079	1829890	-84.01
3002306	1830122	-98.519
3002325	1830104	-99.91
3001862	1830204	-100.37
3002125	1830022	-91.949
3001931	1830109	-91.339
3001913	1830477	-100.73
3002208	1830097	-94.29
3001904	1830454	-100.279
3002243	1830312	-105.309
3002389	1829782	-97.12
3002386	1830268	-99.199
3002108	1830126	-92.319
3002058	1830191	-93.66
3002188	1829960	-89.269
3002255	1830130	-94.47
3001911	1830391	-98.9
3002114	1830016	-90.339
3002298	1829985	-97.059
3003100	1829755	-112.169
3002232	1830607	-103.769
3002196	1830226	-95.79
3002092	1829899	-84.819
3002120	1829916	-86.199
3002019	1830138	-96.11
3001826	1830393	-103.459
3001848	1829654	-78.069
3001902	1830156	-94.489
3001811	1830223	-96.709
3002332	1830075	-94.97
3002045	1829975	-86.33
3001970	1829826	-79.309
3002139	1830168	-93.76
3001982	1830057	-88.83
3001898	1830563	-111.36
3001975	1830307	-96.58
3001990	1830342	-97.54
3001909	1830146	-92.11
3002186	1829956	-89.269
3001902	1830013	-90.709
3002387	1829667	-95.12
3002305	1830228	-97.48
3002360	1829645	-97.449
3002139	1830460	-107.11
3001870	1830075	-91.599
3002003	1830154	-97.15
3002070	1830397	-101.419
3002048	1830425	-104.43
3001872	1829901	-83.23
3002028	1830123	-98.019
3003031	1829941	-107.8
3001939	1830355	-98.04
3002186	1830567	-104.9
3002230	1830548	-106.15
3001922	1829798	-79.76
3001884	1830174	-98.529
3002387	1830556	-110.069
3002334	1830398	-106.569
3002311	1830496	-106.559
3001973	1830518	-105.129
3002364	1830626	-112.29
3001935	1829907	-85.79
3001977	1830058	-89.04
3002175	1830564	-104.41
3002194	1830374	-105.639
3002305	1829621	-97.15
3002005	1829845	-80.75
3002407	1829843	-94.75
3001785	1830309	-98.36
3002232	1830114	-94.099
3002383	1829666	-95.22
3002170	1829946	-88.86
3001875	1829902	-83.37
3001920	1829970	-87.699
3001849	1829651	-77.639
3001994	1829839	-80.41
3002185	1829956	-89.55
3002282	1830026	-93.62
3002220	1830340	-104.55
3002217	1830345	-104.54
3001950	1829814	-79.44
3002092	1830004	-88.61
3002348	1830315	-99.949
3002585	1829600	-101.44
3002387	1829724	-100.779
3002181	1830074	-93.12
3002319	1830502	-106.11
3002045	1830429	-104.8
3002281	1830263	-104.61
3002357	1830416	-106.86
3002189	1829962	-89.849
3002331	1829625	-99.809
3002408	1830396	-102.76
3001810	1830215	-97.519
3001834	1830153	-98.269
3002185	1830566	-105.239
3002370	1829743	-100.51
3001811	1830221	-97.29
3001823	1830335	-105.68
3002117	1829914	-86.559
3002141	1830155	-93.94
3002139	1830167	-94.23
3001980	1830057	-89.309
3002316	1829966	-100.319
3002055	1829981	-87.279
3002189	1829961	-89.949
3002106	1830011	-90.769
3002197	1830229	-96.489
3002040	1830437	-105.0
3002385	1830265	-99.79
3002387	1830266	-99.839
3002175	1829948	-89.319
3002097	1830007	-89.0
3002222	1830600	-104.23
3002104	1830011	-90.47
3002398	1830389	-103.279
3002126	1830022	-92.879
3002200	1830365	-105.989
3002367	1830622	-112.66
3002252	1830128	-95.099
3001812	1830521	-103.029
3001882	1830052	-92.739
3002211	1830100	-94.83
3002026	1829963	-86.269
3001830	1830358	-105.29
3001869	1830078	-92.22
3002343	1830327	-100.449
3002334	1830076	-95.739
3002223	1830107	-94.239
3002334	1830075	-95.73
3001844	1829658	-79.3
3002032	1830447	-105.319
3001811	1830326	-106.69
3002189	1829967	-90.269
3002357	1830352	-101.059
3002131	1830166	-94.36
3001901	1830462	-101.36
3002277	1830020	-95.11
3001873	1829877	-85.589
3002383	1829652	-95.889
3002319	1830111	-99.239
3001830	1830359	-105.349
3002324	1830067	-95.449
3001961	1830516	-105.08
3002403	1830570	-108.44
3001820	1830188	-99.449
3002348	1830340	-100.86
3002065	1830403	-103.339
3002360	1830300	-100.29
3001817	1830194	-99.029
3002338	1830518	-108.08
3002135	1830480	-107.51
3002332	1830395	-107.33
3001810	1830216	-97.879
3002167	1830567	-105.199
3003098	1829753	-112.699
3002018	1829957	-86.069
3002246	1830123	-95.12
3001783	1830309	-98.98
3002250	1830621	-110.19
3002157	1829939	-88.919
3002255	1829525	-97.72
3002022	1829857	-83.389
3002245	1830618	-108.44
3002274	1830272	-102.11
3002146	1830174	-94.919
3002014	1830144	-95.87
3002219	1830105	-94.339
3002214	1830591	-105.529
3001820	1830334	-106.519
3001911	1830142	-94.239
3002390	1829721	-101.449
3002405	1829844	-95.44
3001910	1830144	-94.019
3001946	1830503	-105.279
3001830	1830242	-96.83
3002242	1830121	-95.15
3002284	1830027	-94.339
3002133	1830314	-103.919
3002379	1829649	-96.099
3002315	1830231	-100.58
3002170	1830072	-92.889
3002125	1830174	-94.79
3001829	1830167	-97.16
3002372	1829739	-101.279
3002345	1830323	-100.769
3002396	1829713	-101.769
3001884	1830048	-92.989
3001969	1829925	-84.379
3001928	1829954	-90.279
3001984	1830056	-89.919
3002389	1830559	-110.87
3001916	1829979	-88.339
3002344	1830325	-100.83
3002180	1830403	-104.709
3002007	1830063	-93.629
3002061	1829878	-84.29
3002335	1830351	-109.589
3002119	1830631	-106.54
3002315	1830224	-98.639
3001949	1830505	-105.61
3001935	1830104	-91.54
3001835	1830151	-99.089
3002257	1830451	-108.209
3001909	1829996	-88.419
3002332	1830356	-109.599
3002296	1829985	-96.389
3002326	1829618	-97.699
3002089	1829897	-85.9
3002283	1830002	-104.54
3001899	1830017	-91.48
3002194	1830573	-107.459
3001958	1829818	-80.23
3002167	1829944	-89.66
3002164	1830053	-93.709
3002172	1829947	-89.879
3002315	1829966	-100.709
3002340	1830338	-104.4
3002197	1830575	-107.349
3002295	1829988	-97.489
3001902	1830464	-101.94
3001761	1830294	-104.529
3002359	1830354	-101.68
3001810	1830326	-107.239
3002101	1829904	-86.62
3001816	1830232	-97.79
3002132	1830477	-108.22
3002384	1829727	-101.72
3002166	1830501	-107.769
3002278	1830173	-97.22
3001817	1829975	-88.5
3002042	1829867	-83.65
3002295	1830243	-98.919
3002346	1830337	-101.33
3002497	1830522	-111.05
3001882	1830177	-99.8
3002235	1830552	-109.23
3002049	1829977	-87.889
3002318	1830061	-95.86
3002030	1829861	-83.12
3002129	1830168	-95.019
3001832	1830158	-99.76
3001788	1830311	-99.519
3002314	1829966	-100.75
3002204	1830583	-107.01
3002299	1829984	-100.209
3002392	1830561	-111.04
3002001	1830060	-94.629
3002108	1830012	-91.839
3001934	1830362	-99.61
3001904	1830154	-94.61
3001990	1830286	-97.47
3002395	1830564	-110.669
3002184	1829955	-90.669
3002338	1830343	-108.639
3002303	1830488	-107.91
3001996	1830058	-95.12
3001868	1829875	-86.54
3002371	1830618	-113.449
3002134	1830467	-108.65
3002226	1830333	-105.089
3002299	1829985	-99.489
3001829	1830241	-97.389
3001897	1830022	-90.5
3002187	1829958	-90.91
3002240	1830315	-106.709
3002246	1830560	-111.61
3002120	1830635	-106.83
3001990	1829938	-85.69
3001985	1830056	-90.489
3002312	1830222	-99.08
3001833	1830353	-106.55
3002301	1830044	-95.58
3002021	1829959	-87.019
3002038	1829866	-83.819
3001814	1830229	-98.25
3001813	1830329	-107.629
3002320	1830664	-116.48
3002143	1830173	-95.65
3001863	1830547	-104.26
3002299	1830041	-95.559
3002189	1829960	-91.12
3002003	1830062	-94.66
3002392	1829719	-102.239
3002280	1830024	-94.959
3002052	1829979	-88.419
3002324	1830377	-109.449
3001865	1830085	-93.75
3002252	1830564	-111.9
3002089	1830002	-89.97
3002366	1829650	-96.519
3002087	1829896	-86.48
3002009	1829847	-82.54
3002316	1830662	-116.519
3002082	1829892	-86.269
3001904	1830008	-92.3
3002277	1830471	-106.94
3001813	1830328	-107.949
3002382	1830553	-109.44
3001792	1830314	-100.099
3001853	1829868	-85.069
3001996	1830278	-98.589
3001887	1830044	-93.519
3001974	1829929	-85.5
3001834	1830350	-107.08
3001909	1830472	-102.819
3002190	1829966	-91.58
3002127	1830171	-95.709
3002267	1830282	-106.279
3002307	1830492	-108.4
3001850	1829650	-79.98
3001816	1830197	-100.099
3002154	1830139	-95.309
3002135	1830466	-109.139
3001979	1829831	-81.589
3001972	1830519	-106.86
3001812	1830206	-99.68
3001825	1830337	-107.019
3002009	1830065	-94.669
3002363	1830420	-108.379
3001874	1830069	-93.11
3002374	1830546	-109.69
3002290	1830032	-95.69
3002094	1830006	-90.48
3002004	1830062	-94.97
3001914	1829985	-89.449
3001848	1829656	-80.379
3002331	1830074	-97.099
3002132	1830476	-109.08
3002219	1830541	-108.639
3002009	1830479	-105.819
3002097	1829901	-87.319
3002160	1829941	-90.419
3002374	1830614	-112.339
3002339	1830341	-108.209
3002100	1830358	-100.61
3002064	1829880	-85.65
3001977	1830517	-107.309
3002343	1830323	-102.059
3002003	1829947	-86.989
3002325	1830374	-110.61
3002401	1830392	-104.94
3002325	1830383	-109.419
3002362	1829635	-100.139
3001844	1829657	-80.69
3001955	1829817	-81.5
3002494	1830460	-105.86
3001826	1830174	-99.209
3002383	1830268	-101.699
3001995	1830058	-95.889
3002276	1830014	-101.809
3002316	1830225	-100.019
3002336	1830400	-108.91
3001835	1830242	-100.65
3001912	1829988	-90.11
3001791	1830314	-100.68
3002000	1830059	-95.93
3002141	1830170	-96.44
3001854	1830115	-97.949
3002300	1830236	-100.129
3001877	1830182	-102.97
3001824	1830238	-98.419
3001964	1830518	-107.05
3001903	1830155	-95.72
3002073	1829886	-86.589
3001872	1830188	-103.339
3002276	1830019	-97.309
3002162	1830498	-108.029
3002327	1830387	-109.599
3001906	1830151	-95.069
3002120	1830623	-107.989
3002337	1830402	-109.12
3001784	1830309	-100.93
3001984	1830512	-107.4
3001849	1830126	-97.33
3002311	1830054	-97.11
3002279	1830585	-111.79
3002315	1830058	-97.269
3001899	1829890	-84.98
3002229	1830112	-96.669
3001998	1830059	-96.519
3002017	1830468	-106.629
3001847	1829653	-79.5
3002346	1830646	-111.139
3001878	1829904	-85.91
3002313	1830661	-117.459
3002311	1829968	-97.86
3002021	1830463	-106.339
3002448	1830425	-106.15
3001852	1830120	-97.97
3001848	1830130	-97.169
3001787	1830311	-101.129
3002287	1829578	-96.61
3001822	1830334	-108.36
3002316	1830229	-101.86
3001872	1830072	-94.199
3001791	1830313	-101.19
3002308	1830658	-117.47
3002104	1829906	-88.559
3002178	1829950	-91.98
3001894	1829888	-86.099
3001971	1829927	-86.519
3001826	1830240	-98.97
3001830	1830164	-100.22
3001971	1830313	-99.879
3002389	1830382	-104.309
3001912	1829896	-85.3
3002378	1830549	-110.79
3002083	1829893	-87.599
3001997	1829943	-87.599
3002301	1830487	-108.5
3002342	1830330	-103.05
3001901	1830157	-98.019
3002269	1830278	-103.87
3002307	1829616	-100.04
3002013	1830473	-107.059
3001986	1829937	-87.23
3002186	1829957	-92.519
3002330	1829623	-101.19
3002340	1830647	-111.22
3002298	1830252	-105.019
3002005	1830152	-98.23
3002353	1830530	-109.75
3002336	1830349	-111.809
3002170	1830504	-108.809
3002126	1830642	-109.319
3002036	1830442	-107.879
3001782	1830307	-101.43
3002343	1830328	-103.15
3002328	1830071	-98.22
3002057	1829876	-86.36
3002002	1829843	-83.769
3002201	1830579	-109.169
3001975	1830059	-92.269
3002258	1830132	-98.059
3002325	1830384	-110.37
3002209	1830533	-109.29
3002255	1830449	-110.769
3001911	1829992	-90.989
3001907	1829894	-85.58
3002026	1829858	-85.76
3002326	1830070	-98.269
3002304	1830656	-117.739
3002288	1830030	-97.019
3002029	1830452	-108.12
3002313	1830056	-97.839
3002006	1830063	-96.169
3001993	1829941	-87.839
3002316	1830113	-102.22
3002311	1830660	-118.04
3002277	1830021	-96.669
3002309	1830119	-102.279
3002018	1829854	-85.569
3002284	1830590	-110.349
3002288	1829997	-106.41
3002209	1830587	-108.33
3002149	1830489	-109.599
3001997	1829841	-83.9
3001875	1830183	-104.269
3001808	1829970	-91.809
3001874	1830184	-104.349
3001905	1830004	-93.919
3002398	1830567	-112.29
3002370	1829641	-100.68
3001812	1830327	-109.769
3002355	1830350	-104.099
3002012	1830145	-98.949
3002309	1830052	-97.989
3002303	1830245	-101.559
3002261	1830134	-98.559
3002385	1830380	-104.919
3002300	1829983	-103.779
3002143	1830484	-110.22
3001858	1830104	-100.01
3002099	1829903	-89.22
3002035	1830114	-102.16
3002107	1829908	-89.62
3002352	1830639	-114.959
3002158	1830494	-109.48
3001998	1830494	-108.15
3002349	1830412	-110.589
3002324	1830378	-111.599
3002351	1830344	-104.239
3002496	1830529	-109.19
3002007	1829949	-88.86
3002335	1830399	-110.559
3002339	1830078	-99.36
3002304	1830046	-98.16
3002297	1830039	-97.94
3002404	1830574	-111.79
