3000946	1829918	-88.29
3000675	1829200	-87.699
3000953	1829868	-87.04
3000666	1829192	-88.15
3001747	1829700	-71.069
3000989	1829864	-87.66
3001738	1829692	-72.08
3000859	1830119	-85.8
3000459	1829074	-92.4
3001740	1829692	-73.519
3000674	1829199	-88.4
3001779	1829860	-62.409
3001001	1829866	-87.5
3000837	1829797	-95.12
3000949	1829869	-82.05
3000978	1829864	-88.139
3001748	1829710	-72.739
3000838	1829795	-98.069
3000893	1829753	-92.199
3000306	1829125	-94.41
3001744	1829699	-74.279
3001747	1829701	-72.419
3000951	1829850	-82.22
3000938	1829876	-82.569
3000990	1829864	-88.29
3001743	1829697	-74.449
3000654	1829154	-89.879
3001743	1829698	-74.22
3000963	1829864	-88.37
3000954	1829867	-88.279
3001079	1829813	-89.98
3000631	1829132	-90.629
3000966	1829864	-88.55
3000995	1829864	-88.519
3001746	1829703	-74.709
3001754	1829712	-73.089
3001744	1829700	-74.51
3001760	1829848	-61.84
3000925	1829874	-83.47
3000872	1830112	-86.76
3000811	1830092	-96.05
3000394	1829140	-94.059
3001744	1829702	-74.069
3000954	1829833	-82.87
3000994	1829864	-88.83
3000465	1829080	-93.629
3001744	1829704	-73.47
3001756	1829712	-71.169
3000666	1829189	-90.169
3000935	1829876	-83.629
3000958	1829869	-89.029
3000491	1829095	-93.51
3000591	1829123	-92.01
3001002	1829866	-88.919
3000960	1829791	-89.599
3000952	1829868	-89.08
3000635	1829234	-90.629
3000904	1829557	-89.69
3000687	1829207	-89.86
3000997	1829865	-89.379
3000461	1829112	-93.94
3000809	1830088	-97.29
3000936	1829951	-92.26
3000928	1829877	-84.339
3000385	1829138	-95.129
3001808	1829701	-74.779
3000950	1829869	-83.959
3000895	1829751	-95.91
3000449	1829144	-94.18
3000432	1829063	-94.83
3000884	1829364	-85.76
3000828	1829332	-87.01
3000863	1830120	-88.15
3001750	1829711	-75.5
3000690	1829208	-90.25
3000956	1829828	-83.9
3001005	1829866	-89.48
3001749	1829711	-74.989
3000987	1829864	-90.44
3001003	1829866	-89.599
3000432	1829069	-94.98
3000961	1829795	-90.76
3001748	1829698	-71.089
3000485	1829093	-94.55
3000749	1829161	-90.05
3000838	1830110	-88.419
3000581	1829121	-93.069
3000948	1829870	-84.379
3000971	1829863	-90.239
3000925	1829878	-84.9
3000403	1829141	-95.29
3000745	1829160	-90.209
3001782	1829862	-65.12
3000938	1829874	-84.69
3000646	1829141	-92.04
3000740	1829159	-90.349
3000987	1829313	-91.19
3001791	1829696	-68.129
3000452	1829069	-95.16
3001746	1829708	-74.699
3001740	1829694	-75.589
3000988	1829864	-90.529
3000699	1829211	-90.5
3000970	1829819	-91.01
3000686	1829206	-90.79
3000930	1829982	-92.769
3000459	1829118	-94.779
3001745	1829704	-75.629
3000323	1829127	-96.65
3000462	1829106	-94.839
3000693	1829209	-90.72
3000319	1829127	-96.709
3001739	1829692	-75.66
3001840	1829886	-69.919
3000973	1829863	-90.62
3001046	1829872	-90.87
3001849	1829890	-70.68
3000956	1829823	-84.47
3000696	1829210	-90.76
3000964	1829864	-90.519
3000424	1829144	-95.269
3000951	1829868	-84.739
3001632	1829972	-68.169
3000991	1829864	-90.699
3000966	1829832	-91.4
3000458	1829119	-95.019
3000734	1830061	-106.87
3000412	1829142	-95.669
3000935	1829874	-85.199
3000890	1829755	-92.769
3001077	1829825	-91.069
3000969	1829155	-93.04
3000608	1829126	-93.269
3000965	1829864	-90.76
3001816	1829877	-68.26
3000969	1829863	-90.86
3001064	1829877	-93.699
3000871	1830118	-88.94
3000961	1829160	-92.9
3001636	1829979	-68.739
3000827	1829337	-88.129
3000677	1829201	-91.48
3001743	1829713	-71.709
3000956	1829301	-92.3
3001004	1829341	-92.839
3001744	1829705	-75.37
3000823	1829347	-88.4
3000992	1829864	-91.209
3000740	1829333	-95.5
3000655	1829155	-92.76
3000958	1829814	-85.069
3001766	1829852	-64.93
3001763	1829850	-64.769
3000938	1829946	-93.94
3000911	1829316	-95.55
3000828	1829329	-88.48
3000721	1829154	-91.819
3000646	1829140	-93.169
3001215	1829390	-80.319
3000823	1829252	-89.0
3000994	1829315	-92.129
3000749	1829332	-89.989
3001769	1829854	-65.4
3000828	1829334	-88.559
3000664	1829186	-92.669
3001748	1829841	-63.84
3000752	1829333	-89.989
3000646	1829144	-93.309
3000935	1829956	-94.319
3000460	1829113	-95.94
3001744	1829701	-77.139
3001375	1830569	-88.76
3000949	1829169	-88.459
3000823	1829345	-88.93
3000435	1829061	-96.62
3001380	1830558	-88.989
3000408	1829142	-96.75
3001745	1829840	-63.889
3000948	1829298	-92.98
3000931	1829976	-94.43
3001785	1829863	-66.93
3000873	1830114	-89.809
3000860	1829361	-88.169
3001043	1829871	-90.98
3000872	1830209	-90.97
3000433	1829070	-96.79
3001857	1829769	-75.919
3000960	1829864	-91.769
3000831	1829320	-89.04
3000946	1829866	-86.16
3000967	1829864	-91.93
3001076	1829831	-92.239
3000310	1829125	-98.309
3000711	1829214	-91.86
3000985	1829761	-91.169
3000966	1829835	-92.72
3000427	1829145	-96.61
3000957	1829818	-85.879
3000625	1829130	-94.209
3001745	1829708	-75.87
3000457	1829123	-96.449
3001748	1829697	-72.36
3000390	1829139	-97.4
3000343	1829131	-98.04
3000961	1829856	-91.93
3000339	1829130	-98.12
3000965	1829158	-94.23
3000694	1829147	-93.169
3000964	1829304	-93.58
3000940	1829295	-93.37
3000842	1829354	-89.08
3000347	1829132	-98.11
3000603	1829125	-94.8
3001184	1829619	-84.099
3001751	1829711	-78.389
3001747	1829710	-76.559
3000834	1830214	-91.779
3000867	1829870	-96.98
3001241	1829641	-86.069
3000791	1829240	-90.489
3001066	1829876	-95.019
3001734	1829835	-63.72
3000959	1829810	-86.18
3001860	1829895	-73.519
3000640	1829235	-93.519
3000939	1829940	-92.97
3000822	1829348	-89.66
3000705	1829150	-93.16
3001070	1829866	-93.16
3000934	1829778	-86.41
3000824	1829344	-89.75
3000531	1829107	-96.22
3001183	1829620	-84.33
3000637	1829133	-94.51
3000965	1829838	-93.08
3000980	1829783	-93.059
3000540	1829109	-96.139
3001756	1829846	-65.54
3001787	1829963	-73.22
3001037	1829871	-90.699
3000963	1829848	-92.089
3000847	1829356	-89.319
3000663	1829183	-93.9
3000726	1829155	-93.029
3000381	1829138	-98.08
3001804	1829873	-69.169
3001375	1829562	-80.76
3001787	1829693	-71.66
3001740	1829695	-77.669
3000826	1829338	-89.98
3000416	1829143	-97.639
3000979	1829310	-93.919
3000934	1829966	-96.059
3000432	1829068	-97.739
3000851	1830218	-92.23
3000654	1829136	-94.519
3001074	1829841	-92.569
3000703	1829212	-92.879
3000957	1829163	-89.62
3001001	1829318	-93.309
3000971	1829307	-94.239
3000900	1829740	-105.04
3000874	1829868	-98.029
3000813	1829351	-90.37
3000706	1829213	-92.94
3000735	1829337	-97.169
3000805	1829279	-90.699
3001785	1829693	-74.029
3000799	1829278	-90.809
3001383	1830555	-89.61
3001007	1829320	-93.349
3000862	1829799	-103.449
3000647	1829147	-94.86
3000442	1829147	-97.459
3000398	1829141	-98.339
3000372	1829137	-98.709
3000536	1829108	-96.839
3000946	1829325	-94.949
3000661	1829166	-94.65
3000958	1829788	-93.569
3000978	1829787	-93.76
3000630	1829233	-94.73
3000462	1829104	-97.69
3000746	1829332	-91.949
3000943	1829870	-87.68
3000460	1829116	-97.72
3000932	1829877	-87.949
3001747	1829709	-77.97
3000810	1830063	-103.36
3000659	1829159	-94.87
3000661	1829177	-94.709
3000667	1829192	-94.199
3000619	1829129	-95.69
3000872	1830116	-91.47
3000928	1829622	-93.61
3000884	1829804	-93.699
3000437	1829146	-97.819
3000907	1829562	-93.779
3001377	1830566	-90.269
3001044	1829871	-92.889
3000887	1829367	-89.319
3000897	1829748	-102.279
3001414	1830481	-88.55
3001801	1829872	-69.819
3000900	1830099	-90.779
3000978	1829790	-94.449
3000824	1829342	-90.87
3000688	1829145	-94.68
3001139	1829861	-91.75
3000853	1829300	-97.559
3001413	1830485	-88.76
3000725	1829370	-109.55
3000438	1829078	-98.5
3001412	1830487	-88.849
3001041	1829871	-92.419
3000661	1829163	-95.12
3000955	1829867	-93.519
3000873	1830113	-91.699
3001392	1829688	-80.94
3001750	1829689	-69.11
3000829	1829327	-90.919
3000812	1829176	-92.459
3000957	1829874	-93.709
3000932	1829970	-97.089
3000376	1829138	-99.309
3000829	1829328	-90.94
3000922	1829319	-96.87
3000953	1829892	-88.05
3001731	1829834	-65.19
3001000	1829865	-93.599
3001631	1829970	-72.41
3001755	1829712	-77.23
3001413	1830483	-88.949
3000754	1829162	-93.739
3000861	1830219	-93.309
3000998	1829865	-93.72
3000735	1829157	-94.12
3000434	1829061	-98.9
3000947	1829863	-88.16
3000863	1830109	-91.68
3001044	1829092	-96.449
3001057	1829876	-96.809
3001742	1829715	-72.9
3001744	1829710	-76.58
3000646	1829142	-95.779
3000514	1829102	-97.98
3001843	1829887	-73.68
3000736	1829335	-98.23
3000777	1829235	-92.51
3001073	1829850	-92.75
3001709	1830072	-81.319
3001185	1829617	-83.19
3000716	1829153	-94.62
3000450	1829142	-98.54
3000671	1829196	-94.79
3000981	1829778	-94.54
3000655	1829238	-94.959
3000928	1829627	-94.319
3000968	1829864	-94.129
3000496	1829097	-98.37
3000771	1829378	-104.83
3000597	1829124	-96.779
3000878	1830191	-92.93
3000854	1829797	-104.069
3000815	1829249	-91.86
3000420	1829144	-98.949
3000824	1829343	-91.449
3000940	1829874	-88.599
3000846	1830217	-93.62
3000759	1829163	-93.949
3000867	1829800	-101.76
3001789	1829695	-73.19
3001745	1829707	-78.43
3001836	1829759	-79.22
3001056	1829876	-97.139
3000784	1829238	-92.629
3001055	1829875	-97.11
3000715	1829216	-94.16
3001744	1829708	-77.66
3000700	1829149	-95.239
3000916	1829578	-94.76
3000959	1829476	-95.15
3001021	1829117	-96.44
3000432	1829065	-99.379
3000659	1829138	-96.04
3000826	1829339	-91.699
3001813	1829876	-71.709
3000659	1829161	-95.959
3000909	1829567	-94.83
3001191	1829611	-82.58
3000837	1829799	-103.889
3000447	1829065	-99.379
3001745	1829706	-79.0
3000866	1830109	-92.239
3000508	1829099	-98.65
3000460	1829115	-98.94
3001590	1829769	-64.87
3000796	1829172	-93.33
3001825	1829881	-72.75
3001014	1829124	-97.519
3001704	1829821	-64.51
3000719	1829217	-94.339
3001071	1829863	-93.48
3000827	1829336	-91.9
3000852	1829358	-91.23
3000926	1829632	-94.959
3000620	1829230	-96.419
3000859	1830220	-94.089
3000433	1829062	-99.639
3000974	1829804	-95.589
3001793	1829697	-71.54
3000927	1829992	-96.76
3000829	1829326	-91.819
3000682	1829144	-95.889
3001395	1830530	-90.76
3001628	1830002	-73.629
3001010	1829866	-87.239
3000838	1829183	-92.87
3000663	1829181	-95.989
3001688	1829471	-74.889
3000844	1829355	-91.519
3001074	1829836	-94.949
3000802	1829174	-93.459
3001847	1829721	-79.339
3000665	1829189	-95.949
3000941	1829174	-91.699
3000816	1830098	-101.66
3000991	1829141	-97.58
3001394	1829681	-74.62
3000677	1829143	-96.129
3001742	1829838	-66.709
3000572	1829119	-97.93
3001059	1829355	-87.319
3001000	1829865	-94.61
3000729	1829220	-94.389
3001379	1830562	-91.599
3001730	1829752	-63.18
3000367	1829136	-100.529
3000868	1829304	-99.269
3000871	1830211	-94.099
3000828	1829331	-92.069
3000770	1829637	-104.94
3000943	1829873	-89.319
3001140	1829855	-93.059
3001187	1829613	-83.19
3001506	1829824	-75.11
3000476	1829088	-99.58
3000865	1829871	-99.169
3001039	1829871	-93.349
3001819	1829879	-72.68
3000825	1829342	-92.309
3000615	1829229	-96.959
3001048	1829872	-95.69
3000863	1830219	-94.48
3000625	1829231	-96.69
3001793	1829868	-70.83
3000861	1829186	-92.919
3000830	1829324	-92.239
3000743	1829332	-93.79
3000839	1829354	-92.059
3001835	1829758	-79.209
3000882	1829362	-91.08
3000969	1829823	-95.809
3000834	1829944	-106.379
3000646	1829236	-96.199
3000953	1829888	-89.339
3000665	1829140	-96.68
3000867	1829187	-92.9
3001058	1829876	-98.05
3001633	1829989	-73.48
3000673	1829198	-95.86
3001385	1830551	-91.69
3000964	1829844	-95.48
3000458	1829121	-99.599
3001834	1829859	-74.089
3000711	1829152	-95.879
3001518	1829830	-76.0
3001723	1829789	-63.939
3000865	1829361	-91.47
3000973	1829807	-96.239
3001737	1829692	-79.239
3000813	1830095	-102.319
3000663	1829240	-96.05
3001592	1829770	-65.55
3001824	1829751	-74.029
3001804	1829700	-70.569
3001181	1829622	-87.05
3001684	1829469	-75.239
3000840	1829354	-92.269
3000833	1830109	-93.75
3000987	1829754	-94.839
3000947	1829870	-89.639
3001335	1829628	-77.91
3001395	1829678	-75.16
3000554	1829114	-98.779
3001181	1829624	-87.16
3000824	1829980	-99.949
3000679	1829203	-96.019
3001641	1829972	-72.97
3000461	1829109	-99.86
3001796	1829869	-71.43
3001630	1829996	-74.16
3001411	1830490	-90.73
3000946	1829172	-92.339
3000874	1830206	-94.569
3000663	1829184	-96.779
3001845	1829720	-78.989
3000924	1829643	-102.91
3000854	1830219	-94.98
3001636	1829983	-73.559
3000683	1829205	-96.01
3000877	1829867	-101.099
3000659	1829160	-97.059
3001135	1829383	-87.36
3000897	1830111	-93.04
3000976	1829796	-96.489
3001338	1829627	-78.0
3000842	1829794	-105.86
3001775	1829858	-69.94
3000814	1830026	-106.25
3001376	1829561	-82.139
3000968	1829828	-96.419
3000964	1829841	-96.069
3000759	1829334	-94.0
3001653	1829552	-68.559
3000642	1829134	-97.589
3001026	1829871	-87.849
3001694	1829816	-65.23
3000559	1829115	-98.98
3001692	1829815	-65.169
3000935	1829961	-98.959
3001723	1829791	-64.54
3000849	1829357	-92.379
3000922	1830010	-97.349
3000868	1830110	-93.48
3001790	1829963	-76.639
3001081	1829801	-91.279
3000857	1829798	-105.86
3000843	1829184	-93.809
3000662	1829179	-97.089
3001625	1830008	-75.019
3001445	1829942	-84.93
3001684	1829812	-65.099
3000995	1829138	-98.639
3001838	1829718	-76.099
3001122	1829969	-89.66
3000525	1829105	-99.699
3000445	1829146	-100.199
3000828	1829362	-92.97
3001822	1829880	-73.819
3000733	1829222	-95.349
3001729	1829833	-67.16
3000755	1829334	-94.389
3001143	1829832	-86.569
3001074	1829846	-95.059
3000828	1830212	-95.569
3000831	1829255	-93.44
3001638	1829978	-73.779
3000563	1829116	-99.23
3000824	1830104	-100.44
3001813	1829730	-71.66
3000922	1830012	-97.569
3000924	1830007	-97.739
3000991	1829739	-95.65
3000586	1829122	-98.889
3000456	1829127	-100.449
3000969	1829826	-96.76
3000668	1829241	-96.699
3000890	1830138	-93.989
3000462	1829108	-100.44
3000880	1829361	-92.069
3001288	1829418	-82.23
3001659	1829554	-68.889
3000660	1829162	-97.55
3000949	1829781	-89.91
3000462	1829100	-100.519
3001856	1829893	-76.98
3000969	1829332	-98.04
3000947	1829457	-97.0
3001238	1829687	-90.809
3001510	1829825	-77.11
3000934	1829322	-98.19
3000431	1829146	-100.69
3000830	1829322	-93.339
3000912	1829573	-96.9
3000468	1829083	-100.9
3001007	1829866	-88.8
3000614	1829127	-98.589
3000837	1829789	-103.879
3000864	1829361	-92.47
3000866	1830120	-94.43
3000724	1829219	-95.86
3000972	1829863	-96.37
3000975	1829798	-97.16
3001542	1829218	-85.68
3001795	1829841	-71.199
3000588	1829222	-98.72
3000448	1829145	-100.629
3001749	1829694	-73.279
3000835	1829801	-105.66
3001245	1829404	-83.94
3001460	1829950	-85.129
3001528	1829738	-69.419
3000794	1829344	-94.29
3000899	1829313	-98.36
3000957	1829866	-96.22
3000972	1829811	-97.339
3000651	1829152	-98.059
3001774	1829612	-79.18
3000849	1829184	-94.3
3001072	1829854	-94.76
3000779	1829380	-108.26
3001282	1829412	-82.83
3001791	1829866	-72.01
3001687	1829812	-65.75
3000889	1830144	-94.459
3000877	1830193	-95.33
3000502	1829098	-100.669
3000806	1829175	-95.19
3000436	1829060	-101.44
3000449	1829067	-101.379
3001242	1829642	-90.459
3001663	1829555	-69.29
3001810	1829875	-73.54
3000955	1829883	-90.669
3000363	1829135	-102.22
3000855	1829359	-93.05
3001436	1829938	-85.879
3001831	1829882	-75.269
3001731	1829743	-65.269
3000953	1829166	-93.449
3000892	1830133	-94.47
3000873	1829189	-94.269
3001834	1829757	-79.86
3001065	1829877	-99.459
3001577	1829625	-67.51
3000970	1829863	-96.75
3001372	1829564	-86.489
3000850	1829796	-106.489
3000911	1829875	-91.709
3000432	1829067	-101.69
3000434	1829072	-101.65
3001644	1829967	-73.98
3000790	1829341	-94.79
3000437	1829076	-101.62
3000493	1829197	-100.739
3000315	1829126	-103.08
3001833	1829757	-80.069
3000751	1829227	-95.87
3000925	1829184	-93.79
3001701	1829469	-78.379
3000659	1829239	-97.65
3001610	1829777	-66.519
3000879	1829272	-93.419
3000867	1830216	-96.16
3001831	1829756	-79.379
3000995	1829725	-96.94
3001686	1829470	-76.91
3000771	1829233	-95.54
3000924	1829787	-91.15
3000832	1829358	-93.98
3000988	1829143	-99.66
3000681	1829204	-97.449
3001666	1829556	-69.709
3001682	1829563	-68.65
3000879	1829803	-100.08
3000857	1830220	-96.44
3001731	1829745	-65.55
3001219	1829608	-84.059
3001730	1829689	-76.97
3001622	1830013	-76.569
3000869	1830215	-96.339
3001522	1829832	-76.47
3000811	1829400	-108.639
3001674	1829560	-69.3
3000673	1829243	-97.669
3000799	1829242	-95.15
3000908	1830072	-93.949
3000826	1829340	-94.389
3001775	1829691	-80.309
3000880	1829868	-101.019
3001285	1829409	-83.54
3000889	1829805	-92.18
3000487	1829195	-101.23
3001282	1829415	-83.529
3000739	1829223	-96.51
3001733	1829690	-79.23
3000882	1829867	-101.69
3001689	1829471	-77.48
3000660	1829165	-98.639
3000944	1829872	-91.54
3001585	1829766	-67.699
3000661	1829167	-98.629
3000680	1829551	-107.29
3001729	1830081	-85.099
3000816	1829351	-94.66
3000671	1829141	-98.669
3000605	1829227	-99.4
3001139	1829384	-89.05
3001294	1829421	-83.22
3001299	1829423	-83.05
3001204	1829608	-84.949
3001398	1830524	-93.26
3000443	1829183	-101.51
3001507	1829824	-77.639
3000807	1829246	-95.25
3000965	1829483	-97.91
3001757	1829712	-78.489
3000989	1829746	-96.819
3001002	1829698	-97.459
3000928	1829987	-99.559
3001517	1829830	-78.169
3000826	1829341	-94.65
3000432	1829064	-102.4
3001027	1829871	-89.569
3001389	1830540	-94.419
3001260	1829408	-84.51
3001736	1829836	-68.949
3000907	1830076	-94.319
3000830	1829359	-94.529
3000647	1829135	-99.3
3001112	1830016	-89.879
3001575	1829624	-68.43
3001080	1829361	-90.16
3001410	1830492	-92.79
3001828	1829881	-75.94
3000903	1829727	-105.16
3001620	1830018	-77.319
3001282	1829411	-83.98
3001724	1829830	-68.51
3000817	1829177	-96.15
3000925	1829784	-91.83
3001019	1829638	-96.989
3001732	1829737	-66.989
3001557	1829531	-73.18
3001586	1829767	-68.069
3001391	1829692	-85.0
3000915	1829812	-92.15
3000944	1829779	-91.519
3000924	1830004	-99.589
3001572	1829623	-68.76
3001706	1829470	-79.559
3000874	1829360	-93.779
3001434	1829937	-87.01
3001461	1829949	-86.629
3001478	1829957	-86.029
3001482	1829385	-81.209
3000790	1829171	-96.48
3000923	1830009	-99.339
3000873	1829802	-103.16
3000924	1829789	-91.97
3000324	1829148	-103.8
3000904	1830085	-94.75
3000435	1829074	-102.629
3001410	1829925	-87.029
3000924	1830005	-99.559
3001723	1829784	-66.19
3001594	1829770	-67.879
3000840	1829794	-107.93
3000932	1829291	-93.33
3001832	1829756	-80.16
3001566	1829760	-69.05
3000472	1829085	-102.419
3001648	1829551	-70.699
3001638	1829981	-75.699
3001006	1829866	-90.419
3000983	1829770	-98.26
3001008	1829866	-90.379
3001695	1829913	-73.569
3001741	1829717	-74.949
3001723	1829787	-66.44
3001753	1829845	-70.65
3000952	1829465	-98.809
3001413	1829925	-87.209
3001475	1830360	-89.8
3001735	1830163	-83.629
3001143	1829837	-88.55
3000860	1830108	-95.669
3001751	1829688	-72.5
3000793	1829275	-95.75
3000455	1829187	-102.059
3001126	1829945	-94.349
3001666	1829558	-70.5
3000921	1829415	-98.86
3001605	1829774	-67.73
3001138	1829865	-96.19
3000461	1829110	-102.349
3001179	1829630	-86.419
3001371	1829565	-87.68
3001808	1829727	-73.739
3001812	1829729	-73.809
3000955	1829471	-98.9
3000900	1829552	-98.22
3001397	1830526	-93.98
3001689	1829813	-67.36
3000862	1829361	-94.3
3000831	1829319	-87.949
3000776	1829338	-96.18
3000611	1829228	-100.05
3000974	1829801	-98.93
3001519	1829831	-78.739
3000779	1829877	-108.51
3000801	1829384	-109.18
3001643	1829794	-67.23
3000659	1829158	-99.569
3001501	1829725	-72.4
3001700	1829470	-79.48
3001733	1829734	-67.919
3000520	1829104	-102.01
3000661	1829169	-99.5
3001396	1830528	-94.139
3000827	1829180	-96.47
3001796	1829697	-73.739
3000658	1829158	-99.639
3001409	1830496	-93.5
3000906	1830081	-95.069
3001792	1829618	-80.559
3000997	1829719	-97.269
3001828	1829755	-80.059
3000803	1829385	-109.36
3000923	1829287	-94.04
3001018	1829870	-90.559
3000327	1829128	-104.339
3001692	1829472	-78.76
3001215	1829608	-85.419
3000839	1829258	-95.51
3001280	1829413	-84.639
3001035	1829871	-95.449
3000931	1829779	-92.29
3001681	1829468	-77.849
3001777	1829859	-72.709
3000866	1830217	-97.55
3001773	1829957	-75.66
3000650	1829237	-99.23
3000445	1829064	-103.15
3000545	1829111	-101.779
3000453	1829135	-102.69
3001392	1829690	-85.61
3000936	1829177	-95.209
3000779	1829885	-109.62
3001389	1830018	-89.36
3001612	1829778	-67.93
3001395	1829680	-78.05
3001466	1830376	-90.72
3001389	1829698	-85.459
3000832	1829181	-96.589
3001697	1829817	-67.959
3001788	1829865	-73.68
3001031	1829871	-90.4
3000649	1829150	-100.05
3000318	1829146	-104.5
3001112	1830021	-94.589
3001470	1830369	-90.569
3000443	1829062	-103.26
3001768	1829715	-77.75
3000731	1829259	-97.83
3000888	1829275	-94.76
3001430	1829935	-87.62
3000865	1830218	-97.72
3001283	1829411	-84.769
3001704	1830069	-85.699
3001438	1829939	-87.69
3001142	1829843	-91.389
3000844	1829299	-95.089
3001839	1829861	-77.87
3001663	1829802	-67.309
3001750	1829691	-74.22
3000779	1829882	-107.389
3001068	1829874	-100.989
3000886	1829756	-99.72
3001814	1829730	-74.309
3001408	1829854	-84.61
3001032	1829108	-100.569
3001369	1829743	-86.279
3001720	1829829	-69.22
3000758	1829229	-97.4
3001700	1829915	-74.129
3000944	1829868	-92.8
3001189	1829612	-86.65
3000958	1829328	-100.3
3000975	1829498	-98.489
3001547	1829528	-74.059
3001588	1829768	-68.879
3001810	1829728	-74.309
3001807	1829701	-73.87
3000914	1829188	-95.629
3000477	1829192	-102.629
3000905	1829281	-94.769
3001675	1829666	-65.51
3001276	1829414	-85.099
3001724	1829781	-66.889
3001211	1829392	-87.65
3000660	1829166	-100.01
3000941	1829872	-92.97
3000977	1829794	-99.51
3001811	1829971	-78.349
3001688	1829672	-65.949
3000926	1829997	-100.779
3001731	1829741	-67.48
3001556	1829620	-70.65
3001818	1829707	-74.389
3001749	1829695	-76.269
3001799	1829871	-74.86
3000818	1829351	-96.08
3000897	1829547	-103.44
3001223	1829608	-85.54
3000331	1829128	-104.83
3001298	1829894	-91.41
3001707	1829822	-68.76
3000855	1829185	-96.65
3001449	1829944	-87.8
3001736	1829692	-82.089
3000678	1829558	-108.919
3000916	1829876	-93.69
3001301	1829423	-84.48
3000577	1829120	-101.8
3001681	1829810	-67.98
3001275	1829414	-85.36
3000919	1829810	-93.22
3001648	1829796	-67.91
3001691	1829567	-70.199
3001782	1829960	-79.339
3001407	1829676	-78.069
3001615	1830029	-79.099
3001414	1830474	-93.769
3001551	1829618	-71.099
3001751	1829843	-71.459
3001468	1830372	-91.15
3001653	1829798	-67.87
3001783	1829834	-72.55
3001821	1829614	-78.73
3000664	1829187	-100.099
3001386	1830547	-95.739
3000835	1829356	-95.9
3001053	1829874	-101.68
3000525	1829206	-102.379
3001239	1829401	-86.819
3001243	1829643	-93.069
3001252	1829406	-86.309
3001052	1829874	-101.72
3001131	1829380	-90.76
3001712	1829921	-75.36
3000834	1829804	-108.339
3000453	1829133	-103.389
3001473	1830364	-91.05
3001364	1829758	-87.16
3000832	1829949	-109.83
3001510	1829515	-75.8
3000471	1829191	-103.089
3000942	1829450	-99.819
3001508	1829825	-79.58
3000648	1829148	-100.73
3001070	1829869	-101.41
3001219	1830094	-96.54
3000939	1829778	-92.959
3000781	1829339	-97.169
3000898	1829870	-94.37
3001519	1829518	-75.43
3000777	1829912	-114.379
3001726	1829832	-70.139
3001416	1829926	-88.47
3001724	1829772	-67.059
3001684	1829670	-66.18
3001065	1829340	-96.65
3001286	1829417	-85.3
3001518	1829733	-72.589
3001640	1829792	-68.3
3000305	1829142	-105.449
3000925	1829602	-105.559
3000902	1830094	-96.279
3000899	1829873	-94.459
3000832	1829317	-89.08
3001811	1829728	-75.129
3001680	1829668	-66.19
3001499	1829511	-76.48
3001368	1829573	-88.98
3001013	1829323	-92.889
3001767	1829954	-76.309
3001352	1829993	-90.889
3001635	1829790	-68.449
3001566	1829535	-73.449
3001414	1829559	-79.129
3001710	1829920	-75.569
3001368	1829576	-89.29
3000667	1829605	-116.019
3001284	1829416	-85.51
3001482	1829959	-87.559
3001580	1829626	-69.91
3001811	1829848	-75.62
3000847	1829796	-108.949
3001797	1829698	-74.959
3001392	1830019	-90.279
3000908	1830069	-96.08
3001751	1829687	-73.66
3001779	1829959	-77.91
3001699	1829569	-70.69
3001622	1829783	-68.769
3000821	1830210	-98.989
3000870	1830213	-98.54
3000451	1829140	-103.809
3000813	1830032	-109.949
3001841	1830238	-89.059
3001537	1829525	-74.849
3000360	1829159	-104.69
3001812	1829728	-75.559
3001560	1829941	-79.44
3001709	1829920	-75.669
3001241	1829416	-86.629
3001390	1829695	-86.879
3001373	1829563	-89.33
3000769	1829165	-98.9
3001745	1830088	-87.68
3001477	1829958	-87.66
3000834	1829356	-96.47
3001196	1829609	-87.379
3001693	1829473	-80.089
3000446	1829146	-103.79
3001743	1829601	-81.239
3001285	1829408	-85.889
3001575	1829538	-75.5
3001180	1829628	-89.01
3001815	1829731	-75.18
3001752	1829687	-73.4
3001494	1829721	-74.209
3001498	1830151	-93.05
3001724	1829778	-67.699
3001646	1829961	-76.519
3001033	1829871	-91.559
3001388	1830543	-96.33
3001409	1829923	-88.669
3001684	1829557	-71.72
3001564	1829759	-70.93
3001181	1829626	-91.339
3001468	1829952	-88.43
3000871	1829360	-95.739
3001487	1829372	-82.279
3000481	1829194	-103.66
3000764	1829164	-99.23
3001634	1829977	-77.37
3000685	1829247	-99.9
3001730	1829747	-67.97
3001144	1829827	-90.19
3000452	1829137	-104.059
3001224	1830071	-96.709
3001732	1829689	-81.29
3000531	1829207	-102.989
3001397	1829677	-79.3
3001724	1829775	-67.68
3001487	1829961	-88.01
3001575	1829763	-70.569
3000816	1830020	-110.269
3000649	1829151	-101.389
3000971	1829815	-100.279
3000968	1829485	-100.23
3001800	1830028	-83.12
3000804	1829386	-110.9
3001674	1829807	-68.72
3001480	1829371	-82.589
3001426	1829933	-88.959
3000660	1829163	-101.19
3001528	1829521	-75.68
3001420	1829681	-78.41
3000662	1829180	-101.059
3001758	1829712	-79.709
3001699	1829476	-80.58
3001480	1830350	-91.43
3001726	1829688	-76.41
3001280	1829414	-86.209
3000745	1829262	-98.75
3001737	1830159	-84.839
3001457	1829948	-88.819
3000926	1829782	-94.0
3000549	1829113	-103.26
3001583	1829765	-70.379
3001412	1829558	-79.849
3001408	1830498	-95.25
3001694	1829474	-80.5
3000335	1829129	-105.889
3001448	1829944	-88.889
3000435	1829146	-104.279
3000920	1830019	-95.87
3001078	1829819	-101.11
3001137	1829871	-97.139
3000899	1830105	-97.209
3001489	1829507	-77.66
3001304	1829425	-85.48
3001381	1829558	-81.099
3000458	1829120	-104.309
3001009	1829866	-92.48
3001650	1829797	-69.0
3001807	1829847	-75.959
3000457	1829095	-104.449
3001442	1829941	-89.129
3001231	1829398	-88.129
3001569	1829623	-71.199
3001211	1829607	-87.37
3001612	1830035	-80.519
3000870	1829868	-105.819
3000415	1829175	-104.5
3001824	1829630	-70.87
3001597	1830226	-88.839
3001217	1829392	-88.79
3001049	1829335	-92.839
3000731	1829156	-100.29
3001016	1829869	-92.449
3001828	1829754	-80.919
3000902	1829190	-97.3
3001396	1829678	-79.769
3000746	1830031	-109.86
3001672	1829557	-72.599
3000969	1829487	-100.269
3001478	1830355	-91.91
3000901	1829736	-108.199
3001307	1829426	-85.589
3000893	1829872	-95.599
3001691	1829472	-80.58
3001453	1829946	-89.099
3000913	1829402	-95.269
3001515	1829828	-81.069
3001586	1829887	-74.919
3001651	1829798	-69.239
3000905	1829874	-95.33
3001082	1829345	-92.919
3001594	1829950	-85.65
3001243	1829416	-87.72
3001799	1829843	-75.47
3001563	1829622	-71.8
3001437	1829688	-78.04
3001307	1829440	-85.419
3000916	1829676	-105.55
3001640	1829549	-73.099
3000599	1829225	-102.43
3000785	1829169	-99.099
3001114	1830007	-92.419
3001826	1829753	-80.339
3001220	1829393	-88.87
3001735	1829691	-83.19
3000498	1829199	-104.089
3000903	1829386	-95.639
3001671	1829806	-69.23
3001733	1830166	-87.51
3001817	1829733	-75.629
3001750	1829690	-75.8
3000946	1829871	-94.519
3001787	1829836	-74.33
3001423	1829683	-78.769
3000451	1829139	-104.709
3001459	1829496	-79.58
3000774	1829166	-99.569
3001751	1830121	-86.61
3001379	1829559	-81.54
3001126	1829950	-96.269
3001240	1829640	-92.459
3000993	1829733	-100.22
3001377	1829560	-83.529
3001696	1829474	-81.089
3000785	1829340	-98.41
3001474	1829710	-76.139
3000878	1830188	-99.089
3000841	1829794	-110.529
3000961	1829479	-101.0
3001728	1829688	-78.739
3001590	1829529	-74.139
3000848	1829299	-96.839
3001291	1829419	-86.37
3001623	1829784	-69.779
3001500	1830146	-92.55
3000977	1829501	-100.29
3001052	1829873	-103.11
3001694	1829473	-81.089
3000890	1829370	-96.099
3001278	1829414	-86.839
3001447	1829573	-78.66
3000738	1829261	-99.589
3001485	1830340	-91.75
3001661	1829932	-75.779
3001239	1829640	-92.489
3000809	1830079	-108.989
3001616	1829781	-69.989
3001487	1829717	-75.449
3001478	1829378	-83.08
3001736	1829725	-72.43
3001296	1829877	-92.51
3001483	1829960	-89.239
3001709	1829472	-82.339
3001827	1829753	-80.389
3000906	1829391	-95.76
3001755	1830110	-87.569
3001454	1829947	-89.48
3001713	1829922	-76.79
3001778	1829832	-73.8
3000875	1829360	-96.55
3001491	1829302	-85.75
3000726	1829360	-110.379
3001186	1829615	-88.69
3000336	1829153	-106.4
3001817	1829734	-75.849
3001404	1829861	-86.75
3001272	1829617	-85.48
3000421	1829177	-104.989
3001742	1830086	-88.779
3001784	1829961	-81.12
3001800	1829698	-75.639
3001715	1829923	-76.93
3001649	1829955	-77.239
3001745	1830137	-85.839
3001586	1830094	-83.569
3000831	1829812	-102.76
3001838	1830240	-91.379
3000452	1829136	-105.029
3001751	1829944	-77.139
3001526	1830192	-90.139
3001282	1829417	-86.93
3001803	1829699	-75.75
3001111	1830025	-100.099
3001291	1829420	-86.65
3001681	1829559	-72.69
3001572	1830104	-84.18
3001802	1829699	-75.76
3001415	1829839	-87.04
3001819	1829993	-80.669
3000847	1829260	-97.83
3000917	1829408	-95.69
3001631	1830034	-82.36
3001769	1829955	-77.9
3001738	1830157	-85.66
3000979	1829505	-100.589
3001513	1829828	-81.55
3001702	1829477	-81.639
3001524	1829736	-73.919
3001483	1830345	-92.22
3000775	1829379	-111.5
3000269	1829130	-107.319
3001513	1829827	-81.699
3001698	1829503	-79.11
3001515	1829732	-74.389
3001187	1829640	-89.86
3000459	1829097	-105.25
3000832	1829808	-106.519
3000806	1829349	-98.43
3001239	1829638	-92.519
3001657	1829555	-73.51
3001642	1829793	-69.97
3000705	1829251	-100.98
3001308	1829426	-86.269
3001050	1829873	-103.58
3000354	1829157	-106.319
3001285	1829407	-87.26
3000909	1829396	-96.129
3000921	1830015	-96.79
3001243	1829645	-95.04
3001370	1829569	-90.73
3001250	1830058	-94.849
3001654	1829657	-68.099
3001315	1829862	-95.15
3000918	1829670	-106.349
3001734	1829729	-71.44
3001834	1829716	-79.239
3001427	1829684	-79.209
3000330	1829150	-106.87
3000845	1829795	-108.66
3001702	1829820	-70.76
3001503	1829726	-75.129
3000977	1829792	-101.809
3000659	1829164	-102.37
3001460	1829701	-77.599
3001485	1829385	-84.04
3001410	1830494	-96.25
3000918	1830030	-97.059
3001729	1829753	-69.099
3001332	1829435	-85.5
3001735	1829726	-72.44
3001236	1829642	-94.08
3001125	1829955	-95.349
3001241	1829415	-88.589
3001708	1829919	-77.29
3000894	1829542	-107.639
3000913	1829813	-95.51
3000738	1829334	-105.239
3001618	1829782	-70.519
3000872	1829360	-97.099
3001499	1829724	-75.4
3001633	1829975	-78.669
3001578	1829764	-71.76
3000822	1829838	-108.809
3001618	1830024	-81.04
3000838	1829784	-111.65
3001539	1829745	-73.33
3001393	1829684	-80.879
3001029	1829871	-93.169
3001336	1829628	-83.55
3001406	1829921	-89.55
3001225	1830067	-98.169
3001627	1829786	-70.459
3001198	1829608	-88.949
3001479	1829503	-79.349
3001399	1829919	-86.419
3001317	1829430	-86.22
3001575	1829524	-75.48
3001488	1830335	-92.349
3001229	1830053	-95.48
3001384	1829912	-91.97
3000877	1829360	-97.18
3001829	1829755	-82.889
3001253	1830059	-95.11
3001842	1830237	-89.809
3001371	1829567	-91.029
3001472	1829954	-89.819
3001699	1829818	-70.86
3001659	1829936	-76.79
3001361	1830002	-90.949
3001831	1829755	-82.66
3000759	1829266	-99.61
3001424	1829933	-90.279
3001238	1829414	-88.93
3001444	1829571	-79.68
3001281	1829414	-87.61
3000899	1829808	-96.029
3000819	1829842	-108.86
3001211	1829388	-90.37
3001599	1829772	-71.199
3001061	1829877	-104.19
3001742	1830146	-85.989
3000770	1829336	-99.449
3001024	1829871	-93.47
3001639	1829792	-70.47
3000926	1829421	-102.11
3001323	1829446	-85.9
3000829	1829964	-108.169
3001807	1829874	-78.01
3001568	1829761	-72.489
3000440	1829147	-105.629
3001738	1830085	-87.75
3001420	1829561	-80.97
3001712	1829825	-71.62
3000890	1829537	-107.25
3001840	1830239	-91.559
3001368	1829574	-91.209
3001803	1830021	-82.58
3001479	1829713	-76.839
3001200	1829640	-91.0
3001733	1829733	-71.29
3000359	1829134	-107.069
3001706	1829572	-73.059
3000933	1829435	-102.139
3001361	1829594	-89.769
3001420	1829929	-90.68
3000691	1829248	-101.629
3001071	1829858	-93.209
3001780	1829959	-81.389
3000367	1829161	-106.62
3001258	1830061	-95.43
3001815	1829850	-78.25
3000348	1829156	-107.05
3000725	1829257	-101.12
3001484	1829716	-76.65
3001649	1829552	-74.309
3000810	1829389	-109.839
3001573	1829429	-84.029
3000812	1829396	-113.069
3001750	1830125	-87.589
3001234	1829691	-94.879
3001339	1829626	-83.849
3001354	1829996	-92.97
3000938	1829443	-102.01
3001588	1830106	-84.97
3000567	1829118	-104.65
3000481	1829090	-106.0
3001496	1830153	-94.919
3000780	1829872	-108.339
3001224	1829396	-89.98
3001004	1829691	-101.61
3001657	1830046	-88.309
3001779	1829599	-84.389
3001238	1829639	-92.559
3001434	1829687	-79.55
3000864	1829872	-105.01
3000466	1829189	-105.669
3000895	1830117	-99.129
3001450	1829574	-79.699
3001238	1829640	-93.61
3001141	1829849	-99.48
3001631	1829788	-70.9
3001426	1829817	-87.19
3000972	1829491	-101.669
3000986	1829520	-101.339
3001770	1829828	-75.75
3001232	1829692	-94.709
3000885	1829867	-105.36
3001688	1830062	-88.639
3001725	1829802	-75.589
3000456	1829126	-106.01
3001240	1829401	-89.459
3001543	1829615	-74.319
3001754	1829686	-75.08
3001817	1829732	-77.279
3001441	1829570	-80.25
3001273	1829413	-88.26
3001492	1829719	-76.419
3001261	1829422	-88.449
3000832	1829305	-91.709
3001571	1829940	-82.809
3001635	1830035	-88.169
3000750	1830024	-115.83
3001739	1829837	-73.319
3001794	1829964	-82.819
3000832	1829306	-91.76
3001238	1830050	-96.5
3001008	1829676	-101.669
3001485	1829812	-81.61
3001608	1829637	-70.9
3001729	1829755	-69.9
3001734	1829810	-76.3
3001414	1829927	-90.94
3000840	1829299	-98.58
3001601	1829547	-74.629
3001463	1829703	-78.26
3001723	1829799	-73.199
3001828	1829856	-79.91
3001123	1829964	-95.419
3001698	1829475	-82.589
3001400	1830519	-97.599
3001702	1829916	-77.989
3001417	1829560	-81.569
3001236	1829399	-89.79
3001469	1829499	-80.58
3001670	1829663	-68.69
3001240	1829680	-96.65
3001499	1830149	-95.41
3000904	1829722	-112.0
3001403	1830513	-97.51
3001354	1829612	-83.68
3001489	1829718	-76.779
3001486	1829382	-84.199
3001475	1829956	-90.129
3001577	1830103	-85.26
3001458	1829899	-87.47
3001483	1829366	-84.83
3001227	1829610	-88.44
3001567	1829940	-85.25
3001610	1830040	-82.65
3001723	1829793	-70.819
3001561	1829621	-73.629
3000661	1829172	-103.26
3001424	1829562	-81.37
3000355	1829133	-107.669
3001611	1829958	-85.569
3001530	1830192	-91.529
3001236	1829688	-96.23
3000455	1829130	-106.3
3001186	1829396	-86.47
3000840	1830215	-101.349
3000874	1829758	-102.449
3000867	1829758	-103.76
3001228	1829697	-94.58
3001503	1829822	-81.379
3001592	1829530	-75.68
3001425	1829820	-88.029
3001229	1829696	-94.709
3000771	1829933	-117.709
3001479	1829376	-84.669
3000509	1829202	-105.669
3001740	1829719	-77.339
3001387	1829913	-92.76
3001414	1830476	-96.889
3000772	1829269	-100.11
3001578	1830102	-85.339
3001547	1829616	-74.48
3001239	1830051	-96.72
3000867	1829361	-98.199
3001693	1830064	-89.099
3001371	1829737	-89.62
3000779	1829271	-100.029
3001277	1830074	-96.059
3001620	1829783	-71.519
3001581	1829765	-72.66
3000858	1829360	-98.419
3001062	1829878	-104.989
3001774	1829691	-83.0
3001238	1829638	-93.69
3001238	1830030	-98.83
3000881	1830180	-100.669
3000915	1829683	-109.589
3001494	1830264	-98.11
3000593	1829224	-104.379
3001252	1829420	-89.04
3000896	1829278	-98.37
3001762	1829690	-75.26
3001625	1829785	-71.48
3001500	1830161	-94.589
3001845	1830136	-89.769
3001611	1830218	-95.29
3000868	1829361	-98.26
3000808	1829387	-113.33
3001330	1829633	-84.79
3000452	1829090	-106.669
3001510	1829826	-83.029
3000963	1829481	-102.699
3000665	1829611	-114.709
3001487	1829381	-84.459
3001798	1829965	-83.819
3001487	1829375	-84.669
3001730	1830170	-90.449
3001664	1829660	-69.089
3001363	1829951	-94.709
3001396	1829917	-90.919
3001368	1829577	-92.279
3001799	1830031	-84.94
3001467	1829953	-90.849
3001653	1830044	-88.83
3000886	1829870	-97.76
3001315	1829864	-96.19
3001218	1829394	-90.86
3000669	1829193	-102.91
3001473	1829955	-90.44
3001567	1830197	-93.849
3001167	1829378	-87.26
3001479	1829384	-85.79
3001093	1829711	-94.639
3001414	1829678	-81.089
3001858	1829870	-83.809
3001424	1829823	-88.43
3001016	1829652	-100.47
3001242	1829416	-89.75
3001548	1829617	-74.599
3001736	1829811	-76.809
3000829	1830107	-100.65
3001237	1829641	-95.449
3001720	1829926	-77.36
3001480	1829490	-80.76
3001292	1829435	-87.97
3000893	1829870	-97.69
3001594	1830112	-91.91
3001239	1829414	-89.93
3000856	1829758	-105.54
3001505	1829822	-81.97
3000786	1829273	-100.139
3001017	1829869	-94.61
3000920	1829588	-102.68
3001226	1830063	-97.629
3001582	1829527	-76.269
3000902	1829809	-96.989
3001365	1829756	-90.379
3000811	1829281	-99.919
3000871	1829758	-103.37
3001667	1829662	-69.169
3000929	1829428	-103.11
3001737	1830035	-87.47
3001710	1829824	-72.47
3001774	1829830	-76.47
3001000	1829705	-101.41
3000882	1829757	-102.72
3001756	1830100	-90.199
3001305	1830090	-96.25
3000779	1829903	-111.959
3001512	1829827	-83.25
3001497	1829722	-76.819
3001566	1829622	-73.76
3001284	1829409	-88.72
3000906	1829810	-97.0
3001224	1829700	-94.58
3001679	1829467	-81.83
3001387	1829557	-83.319
3001724	1829800	-74.86
3001698	1829506	-80.4
3001489	1829301	-87.69
3000871	1829269	-99.089
3000821	1829840	-110.15
3000832	1829953	-111.0
3001780	1829614	-79.629
3001316	1829860	-96.629
3001501	1830162	-95.419
3001232	1829397	-90.569
3001399	1829675	-82.0
3001268	1830069	-95.669
3001750	1830091	-90.589
3001817	1829706	-78.11
3001679	1829559	-74.54
3000830	1829817	-105.889
3001121	1829974	-96.25
3001012	1829866	-94.919
3000837	1829355	-99.41
3001752	1829686	-76.23
3000821	1829350	-99.739
3001479	1829374	-85.23
3000799	1829346	-100.26
3000981	1829509	-102.29
3000816	1829384	-114.19
3001645	1829795	-71.62
3001244	1829416	-89.989
3000809	1829388	-111.279
3001116	1829374	-94.18
3001714	1830074	-89.94
3001232	1829610	-88.819
3001918	1830128	-92.37
3001362	1829761	-90.639
3000784	1829849	-108.639
3000284	1829134	-109.089
3001713	1829682	-73.26
3001825	1829752	-81.779
3000426	1829178	-106.9
3001105	1829370	-94.849
3001368	1829748	-90.589
3001642	1829548	-75.569
3001419	1829930	-91.72
3001669	1829556	-75.25
3001708	1829475	-84.11
3001685	1829556	-74.79
3001396	1829459	-84.73
3001398	1829676	-82.22
3000855	1829263	-99.61
3000278	1829132	-109.18
3001428	1829815	-88.75
3001740	1830150	-87.37
3001478	1829383	-86.129
3000914	1829873	-97.559
3001805	1829700	-77.87
3001614	1829779	-72.22
3001609	1830045	-83.61
3001743	1829815	-77.209
3001374	1830010	-92.72
3001573	1829762	-73.629
3001485	1829590	-78.72
3001558	1829620	-74.529
3001732	1829739	-71.83
3001454	1829575	-80.61
3000893	1829373	-98.339
3001723	1829792	-71.559
3001315	1829443	-87.599
3000252	1829125	-109.419
3000438	1829060	-107.599
3001286	1830080	-96.629
3001753	1829686	-76.309
3001490	1830330	-93.769
3000834	1829301	-92.75
3001183	1829639	-91.639
3001536	1829743	-75.16
3001583	1830097	-85.87
3001655	1829945	-78.849
3001201	1829608	-90.47
3001679	1829809	-71.86
3001136	1829877	-99.129
3001597	1829771	-72.739
3001666	1830001	-85.29
3000784	1829854	-108.919
3001734	1829731	-73.089
3001738	1829813	-77.29
3001430	1829484	-83.419
3001497	1829819	-80.809
3001451	1829695	-79.9
3001383	1829558	-83.879
3001582	1830098	-85.989
3001607	1829775	-72.51
3001766	1829714	-78.44
3001657	1829940	-78.65
3001361	1829899	-94.889
3000698	1829250	-103.0
3001657	1829800	-71.72
3001818	1829734	-78.199
3001612	1830043	-83.66
3001495	1829593	-78.349
3000351	1829133	-108.669
3000983	1829514	-102.62
3001734	1830033	-88.029
3001297	1829422	-88.699
3001717	1829924	-77.949
3001281	1829414	-89.279
3000803	1829348	-100.589
3001523	1830024	-87.48
3001648	1829655	-70.319
3001526	1830175	-93.339
3000681	1829544	-113.36
3001281	1829412	-89.309
3001019	1829325	-96.47
3001322	1829431	-87.839
3001750	1829693	-79.18
3000953	1829783	-96.68
3001667	1829804	-71.879
3001512	1829730	-76.699
3001361	1829764	-91.169
3001730	1829750	-71.29
3001579	1829764	-73.639
3001069	1829871	-105.269
3001661	1829802	-71.86
3001464	1829950	-91.87
3001492	1829592	-78.629
3001723	1829798	-74.0
3001371	1829735	-90.48
3001731	1829808	-77.519
3001747	1830133	-88.5
3000866	1829500	-112.55
3001647	1829795	-72.05
3000860	1829758	-105.87
3000862	1829266	-99.86
3001521	1829735	-76.309
3001115	1830002	-95.12
3001772	1829856	-77.139
3001881	1829882	-84.94
3001730	1829749	-71.37
3001267	1829616	-88.099
3000438	1829181	-107.19
3001206	1829390	-92.37
3001692	1829912	-78.73
3001724	1829687	-78.239
3001513	1829293	-88.55
3001487	1829300	-90.099
3001609	1829550	-76.279
3001517	1829281	-89.05
3000454	1829132	-107.44
3001628	1830033	-84.4
3001597	1829631	-72.839
3001330	1829826	-92.139
3001340	1829452	-87.029
3001318	1829856	-97.19
3000290	1829136	-109.589
3001230	1829695	-95.94
3001763	1829691	-76.319
3001193	1829610	-91.099
3000832	1829309	-93.099
3001728	1829757	-71.12
3001429	1829813	-88.12
3000448	1829087	-107.75
3001469	1829706	-79.239
3001407	1830026	-91.37
3001317	1829875	-95.849
3001655	1829799	-72.11
3000263	1829128	-109.73
3001462	1829900	-89.279
3001314	1829163	-101.319
3001652	1829565	-75.199
3001537	1829612	-76.16
3001399	1830522	-99.029
3001471	1829708	-79.15
3001302	1829880	-95.129
3001142	1829386	-94.8
3001422	1829826	-89.459
3001803	1829845	-78.809
3000999	1829712	-102.26
3000725	1829365	-113.12
3000765	1829267	-101.44
3001735	1829598	-86.529
3001475	1829807	-83.349
3000504	1829200	-106.98
3001233	1829692	-96.449
3001371	1829568	-93.16
3001672	1829912	-77.58
3001758	1829686	-76.169
3001523	1830191	-92.75
3001402	1829922	-91.209
3000873	1829360	-99.33
3001682	1829558	-75.349
3001564	1829940	-86.08
3001638	1829791	-72.44
3001561	1829758	-74.72
3001394	1829458	-85.48
3001423	1829931	-92.5
3001478	1829379	-85.91
3001370	1829740	-91.0
3001620	1829643	-71.889
3000441	1829081	-108.059
3001714	1829575	-75.669
3001543	1829513	-79.05
3001377	1829926	-92.879
3001823	1829854	-80.94
3000672	1829197	-103.989
3001807	1830014	-84.54
3001380	1829454	-85.97
3000836	1829355	-100.3
3001378	1829720	-90.54
3000909	1829811	-97.94
3001239	1830026	-100.199
3001571	1830199	-95.18
3001642	1829985	-82.66
3001501	1829821	-82.339
3001754	1829590	-81.05
3001748	1830090	-91.55
3001285	1829432	-89.349
3001495	1830174	-95.819
3001676	1829808	-72.449
3001260	1829968	-96.41
3001604	1829634	-72.769
3001477	1829586	-79.879
3001292	1829905	-96.0
3001336	1829814	-90.58
3001476	1829711	-79.05
3001372	1829733	-90.849
3001725	1829768	-71.33
3001417	1829679	-82.15
3001377	1829722	-90.599
3001408	1829209	-98.04
3001697	1829676	-71.349
3001748	1830129	-89.19
3000811	1830051	-107.26
3001266	1829424	-90.0
3001740	1830151	-88.169
3001163	1829377	-88.589
3001367	1829579	-93.51
3001259	1829971	-96.29
3001690	1829911	-79.11
3001633	1829789	-72.68
3001765	1829952	-80.44
3001498	1829594	-78.779
3001614	1830040	-84.15
3001735	1829727	-74.709
3001754	1830113	-90.29
3001083	1829346	-96.22
3001353	1829616	-85.309
3001355	1829896	-95.059
3001347	1829621	-85.54
3001662	1829569	-75.279
3000441	1829061	-108.37
3001684	1829909	-79.01
3001791	1829838	-77.949
3001450	1829492	-83.22
3000460	1829099	-107.919
3000764	1829335	-101.72
3000928	1829780	-97.629
3000457	1829124	-107.889
3001511	1829826	-84.51
3001715	1829826	-73.94
3001576	1829525	-77.86
3001820	1829989	-83.43
3000862	1829874	-105.23
3001239	1829684	-98.319
3001678	1829910	-77.779
3001830	1829755	-85.129
3001439	1829488	-83.76
3001316	1829874	-96.36
3001670	1829572	-74.889
3001227	1830061	-97.04
3001404	1829557	-83.879
3001110	1829372	-95.58
3001250	1829419	-90.809
3001572	1829762	-74.569
3001218	1830099	-101.33
3001407	1829557	-83.79
3001417	1829836	-89.989
3000440	1829060	-108.48
3001806	1829701	-78.889
3001570	1830104	-88.69
3001636	1829546	-76.55
3001470	1829583	-80.55
3001314	1829165	-101.83
3000753	1830011	-115.93
3001579	1830101	-86.949
3001534	1829610	-76.839
3001331	1829824	-92.629
3001843	1829863	-83.529
3001726	1829803	-78.379
3001524	1830020	-87.389
3001401	1830517	-99.419
3000250	1829124	-110.4
3001330	1829435	-88.269
3001121	1829978	-97.529
3001257	1829421	-90.65
3001496	1830155	-96.629
3001238	1830028	-100.569
3001380	1830013	-94.599
3001121	1829376	-95.4
3001522	1830027	-88.639
3001318	1829854	-94.739
3001755	1829686	-76.98
3000928	1829617	-104.239
3001494	1829817	-81.76
3001704	1829478	-84.699
3001677	1830056	-90.72
3000770	1829592	-111.29
3001819	1829852	-80.93
3001797	1830033	-85.93
3001693	1829674	-71.4
3001380	1829717	-90.9
3000957	1829785	-97.47
3001544	1829749	-75.83
3000814	1829842	-111.05
3001569	1830104	-89.23
3001333	1829885	-95.879
3001595	1829771	-73.86
3001542	1829512	-79.58
3001757	1829686	-76.699
3001772	1829956	-81.12
3001738	1830155	-88.68
3000903	1829732	-113.139
3001492	1830326	-94.73
3001744	1830140	-88.849
3001276	1829618	-88.55
3000970	1829489	-103.94
3001666	1830051	-90.48
3001817	1829996	-83.83
3001555	1829755	-75.51
3001316	1829859	-97.959
3000909	1829706	-110.93
3001081	1829345	-96.519
3001351	1829990	-95.8
3001430	1829811	-87.05
3001291	1829884	-95.33
3001640	1829983	-81.79
3001644	1829563	-76.029
3000870	1829361	-100.0
3001606	1829637	-73.089
3001263	1829615	-89.12
3001584	1830096	-86.949
3001127	1829378	-95.639
3001624	1829784	-73.29
3001181	1829636	-92.279
3001727	1829762	-71.87
3001393	1829686	-87.819
3001317	1830095	-97.569
3001230	1829694	-96.779
3000831	1829959	-112.629
3001266	1830066	-95.389
3001395	1829919	-91.75
3001750	1829692	-79.959
3001692	1830013	-88.48
3001356	1830109	-96.779
3001756	1830104	-91.55
3001568	1829522	-78.66
3001467	1829581	-81.129
3001262	1829960	-96.62
3001409	1829875	-90.83
3001360	1829766	-92.26
3000549	1829212	-107.019
3000455	1829129	-108.349
3001279	1829413	-90.43
3001584	1829527	-77.949
3001402	1829675	-83.43
3001420	1829829	-90.29
3001506	1829727	-78.05
3001693	1829516	-80.769
3001716	1829683	-75.79
3001696	1829510	-81.519
3001391	1830537	-100.66
3001827	1829712	-80.419
3001497	1830157	-96.849
3001756	1829686	-77.12
3000301	1829139	-110.389
3001613	1829641	-72.919
3000832	1829315	-93.97
3001331	1829632	-86.69
3001733	1829809	-78.639
3001727	1830173	-92.919
3001350	1829984	-95.8
3000718	1829255	-103.959
3001533	1830194	-93.739
3000889	1829191	-101.43
3001678	1829465	-83.51
3001678	1829576	-74.83
3001487	1829911	-88.959
3001769	1829610	-83.879
3001464	1829484	-83.29
3001746	1829817	-76.879
3001507	1830182	-94.41
3000915	1830041	-100.37
3001369	1829572	-93.97
3001726	1829766	-72.059
3001780	1830055	-89.099
3001332	1829631	-86.699
3000778	1829546	-115.839
3001280	1830076	-98.12
3001586	1830100	-87.319
3001383	1829710	-91.139
3000432	1829180	-108.36
3001474	1829584	-80.809
3001357	1829605	-89.059
3000906	1830079	-101.01
3000894	1830123	-101.76
3001406	1829858	-90.309
3001531	1829415	-89.139
3001080	1829808	-99.669
3001177	1829380	-89.0
3001404	1829675	-83.489
3001739	1830154	-89.0
3001741	1830148	-88.75
3001239	1830052	-98.769
3000896	1829191	-101.44
3001609	1829776	-73.809
3001618	1829553	-76.559
3000582	1829221	-106.66
3001350	1829987	-96.389
3001243	1829644	-98.309
3001231	1829693	-97.139
3001377	1829725	-91.529
3001343	1830103	-98.91
3001238	1829685	-98.809
3001661	1830048	-91.01
3001322	1829879	-96.739
3000679	1829245	-104.599
3001119	1829983	-97.62
3001381	1829715	-91.349
3000911	1829700	-111.33
3001501	1830143	-95.949
3001237	1829414	-91.98
3000781	1829863	-113.0
3001456	1829480	-83.91
3001487	1829812	-83.12
3001367	1829448	-87.389
3001354	1829613	-86.069
3001229	1830055	-98.44
3001337	1829438	-88.58
3001494	1830322	-95.059
3000973	1829494	-104.279
3000882	1830175	-102.769
3001299	1829877	-96.4
3001848	1829865	-84.739
3001464	1829579	-81.65
3001292	1830083	-97.569
3001415	1830031	-94.769
3001397	1830022	-92.75
3001504	1829596	-79.339
3001258	1829614	-89.699
3001778	1830055	-90.059
3001310	1830381	-101.76
3001314	1829866	-97.97
3001525	1829834	-79.559
3001651	1829656	-71.62
3001606	1829636	-73.61
3001321	1830097	-98.05
3000811	1829391	-112.36
3000537	1829209	-107.569
3001355	1829965	-96.739
3001446	1829797	-83.669
3001371	1830009	-94.309
3001237	1829611	-90.419
3001457	1829577	-82.099
3001311	1830094	-97.15
3001787	1829602	-82.849
3001359	1829769	-92.72
3001488	1829963	-92.599
3001662	1829928	-79.55
3001401	1829674	-83.849
3001374	1829730	-91.79
3001232	1829642	-96.959
3001584	1829889	-79.26
3001554	1829619	-76.44
3001239	1829415	-91.629
3001279	1829414	-90.809
3001080	1829344	-97.019
3001376	1829727	-91.79
3001482	1829369	-87.26
3001387	1829700	-90.819
3000749	1830028	-116.019
3001509	1829729	-78.319
3001438	1829801	-83.01
3001665	1829803	-73.3
3001601	1829773	-74.319
3001010	1829668	-104.36
3001447	1830151	-95.11
3001246	1829417	-91.839
3001335	1829816	-93.18
3001573	1829919	-80.86
3001502	1829821	-83.629
3000835	1829300	-94.459
3001737	1829722	-77.459
3001237	1830031	-101.05
3001323	1829632	-87.43
3001261	1829975	-97.209
3001561	1830194	-96.23
3000774	1829921	-116.139
3001228	1829696	-97.099
3001237	1830049	-99.3
3001820	1829979	-84.069
3001518	1830034	-89.169
3001370	1829570	-94.419
3001018	1829592	-104.44
3001723	1829796	-74.779
3001401	1830024	-92.879
3001608	1829957	-88.11
3000342	1829154	-110.269
3001236	1830048	-99.4
3001615	1829539	-77.529
3001802	1830025	-85.29
3001332	1829449	-88.79
3001085	1829767	-98.019
3001015	1829868	-96.94
3001576	1829763	-75.36
3001542	1829938	-82.559
3001404	1830511	-100.18
3001727	1829803	-79.37
3001229	1829695	-97.269
3001400	1829557	-85.019
3001245	1829646	-99.16
3001303	1830397	-102.199
3001315	1829183	-100.83
3001638	1830037	-91.029
3001567	1829522	-79.29
3001541	1830090	-93.0
3001541	1829747	-76.779
3001629	1829967	-83.0
3001828	1829712	-81.0
3001752	1830116	-91.16
3001614	1829960	-88.139
3001550	1829752	-76.44
3001591	1829629	-74.669
3001101	1830077	-104.629
3001567	1830211	-95.4
3001571	1829941	-85.419
3001404	1830025	-92.91
3001517	1830037	-89.099
3001496	1830319	-95.309
3001357	1829607	-88.419
3001746	1829587	-90.48
3001608	1829536	-77.849
3001644	1829653	-72.209
3001435	1829568	-83.51
3001609	1830232	-96.849
3001353	1829972	-96.5
3001185	1829639	-93.61
3001559	1829757	-76.16
3001571	1829762	-75.69
3000296	1829138	-111.069
3001267	1829936	-95.87
3001430	1829686	-82.819
3001360	1829956	-97.309
3001401	1829557	-85.089
3001755	1830097	-92.699
3001752	1830093	-92.849
3001315	1829429	-89.839
3001717	1829828	-75.25
3001701	1829678	-72.959
3001445	1829692	-82.089
3001091	1829732	-98.129
3001767	1830299	-94.69
3001580	1829764	-75.339
3001300	1829878	-96.819
3001729	1829805	-79.47
3001743	1830143	-89.599
3001435	1829472	-85.459
3001304	1829625	-88.449
3001295	1830085	-98.559
3001444	1829797	-82.989
3001801	1829967	-85.69
3001707	1829475	-86.199
3000780	1829168	-103.809
3001244	1830002	-97.08
3001239	1829639	-95.8
3001597	1829532	-78.33
3001454	1829697	-81.739
3001541	1829613	-77.58
3001510	1829500	-82.069
3001488	1830262	-100.779
3001493	1829965	-89.639
3000823	1829985	-109.29
3001358	1830001	-94.099
3001616	1830128	-93.269
3001393	1829916	-95.419
3001532	1829416	-89.97
3001418	1829832	-90.989
3001314	1829867	-98.33
3001283	1830078	-99.849
3001059	1829876	-107.66
3001186	1829383	-89.48
3001590	1829873	-78.839
3000462	1829102	-109.209
3001332	1829632	-87.44
3001244	1829403	-92.489
3001797	1829620	-77.069
3001235	1830045	-99.949
3001486	1829300	-90.209
3001804	1829608	-81.61
3001587	1829884	-79.419
3001466	1829704	-81.139
3001222	1830080	-100.779
3001515	1829829	-85.629
3000877	1829306	-100.94
3001385	1829557	-85.87
3001366	1829943	-97.089
3000836	1829939	-114.22
3001334	1829629	-87.4
3000780	1829868	-113.33
3001589	1830085	-87.48
3001348	1829620	-86.919
3001736	1829723	-77.349
3001407	1829856	-91.04
3001021	1829623	-104.44
3001606	1830049	-86.05
3000838	1829299	-94.87
3001300	1829889	-95.599
3001767	1829692	-78.809
3001402	1829920	-90.58
3001600	1829533	-78.41
3000911	1830060	-101.529
3001315	1829179	-103.0
3001629	1829787	-74.26
3001263	1829971	-97.919
3001641	1830039	-91.389
3001581	1830100	-88.23
3001590	1829872	-78.93
3001672	1830054	-91.889
3001255	1830060	-98.889
3001674	1829557	-77.419
3001116	1829997	-97.01
3001629	1829647	-73.199
3001730	1830032	-90.0
3001617	1829642	-73.72
3001092	1829725	-99.58
3001552	1829753	-76.779
3001329	1829828	-93.94
3001498	1830315	-95.589
3001235	1830030	-101.5
3001604	1830229	-97.37
3001261	1829963	-97.79
3001687	1829555	-77.26
3000789	1829840	-111.22
3001421	1829481	-86.029
3001635	1829560	-77.29
3000668	1829597	-117.809
3000787	1829843	-111.199
3001441	1829690	-82.66
3001843	1830237	-93.68
3000806	1829386	-116.25
3001357	1829609	-88.25
3001159	1829376	-90.339
3001364	1829947	-97.389
3001356	1829610	-87.91
3001409	1829851	-91.019
3001506	1830166	-96.419
3001390	1829914	-95.8
3001353	1829443	-88.779
3001308	1830386	-103.51
3001294	1829901	-97.76
3000856	1829887	-101.129
3001224	1829394	-93.54
3001358	1829603	-91.29
3001583	1829626	-75.61
3001627	1830133	-90.93
3001181	1829637	-93.48
3000780	1829540	-116.79
3001253	1829406	-92.43
3001744	1829816	-79.449
3001781	1830053	-90.339
3001391	1829557	-85.93
3001533	1829741	-77.73
3001624	1829543	-78.0
3001762	1829689	-78.349
3001443	1830239	-97.559
3000729	1829352	-114.989
3000899	1829382	-100.62
3001297	1829877	-97.239
3000731	1829345	-115.29
3001832	1829715	-82.9
3001325	1829632	-88.04
3001442	1829476	-85.54
3000662	1829619	-114.01
3001444	1830151	-95.779
3001314	1829870	-98.339
3001567	1829932	-88.01
3001349	1829893	-96.93
3001805	1829969	-84.019
3001565	1829427	-88.8
3001247	1830004	-98.059
3001393	1830219	-95.279
3001235	1830033	-101.459
3001241	1829678	-100.169
3001499	1829820	-83.66
3001377	1830012	-95.489
3001393	1829557	-85.949
3001329	1829633	-87.949
3001383	1830015	-96.349
3001346	1829621	-87.33
3001411	1829478	-86.61
3000783	1829859	-113.98
3001604	1830054	-86.559
3001498	1830159	-97.87
3001624	1829542	-78.16
3000876	1830197	-104.139
3001296	1829897	-97.839
3001605	1829636	-74.569
3001328	1829830	-93.75
3001613	1830126	-93.75
3001585	1830095	-88.269
3001319	1829852	-94.919
3001756	1830108	-92.559
3001707	1829679	-74.65
3001715	1830173	-94.139
3001289	1829620	-89.559
3001428	1829564	-84.55
3001308	1829626	-88.849
3001609	1829639	-74.379
3001630	1829788	-74.629
3001496	1829818	-83.379
3000818	1829379	-116.949
3001521	1830189	-93.79
3001403	1829557	-85.669
3001736	1830161	-90.37
3000791	1829838	-110.61
3001777	1830055	-91.449
3001231	1829642	-97.79
3001349	1829619	-87.33
3001404	1829863	-91.73
3001395	1830220	-95.44
3001652	1829949	-81.669
3001228	1829396	-93.639
3001723	1829795	-75.389
3001534	1829416	-90.23
3001597	1829952	-89.589
3001535	1830180	-95.55
3001784	1830046	-89.389
3001516	1829829	-86.18
3001820	1829987	-85.22
3000886	1830156	-103.569
3000889	1829869	-100.94
3001822	1829748	-82.98
3001587	1830102	-88.68
3000878	1829757	-106.61
3001472	1829805	-85.69
3001285	1829619	-89.819
3001350	1829619	-87.36
3001312	1829428	-90.69
3001599	1829632	-75.069
3001681	1829909	-80.75
3001734	1830083	-93.319
3001616	1830038	-86.05
3001410	1830199	-94.51
3001626	1829557	-77.72
3001488	1830172	-98.019
3001616	1830235	-96.75
3001363	1829590	-93.61
3001298	1829877	-97.559
3001755	1830098	-93.419
3001633	1830136	-95.16
3001755	1830099	-93.349
3000647	1829145	-107.199
3001507	1830058	-88.86
3001405	1830026	-93.76
3000896	1829377	-101.04
3001241	1829676	-100.36
3001777	1829958	-82.97
3001299	1829892	-95.629
3001410	1829849	-90.22
3001807	1829623	-77.989
3001397	1830221	-95.599
3001355	1829610	-88.279
3001740	1829814	-79.949
3001838	1830146	-96.8
3001398	1829920	-90.199
3001431	1829566	-84.61
3001674	1830154	-95.44
3001497	1830265	-97.269
3001781	1830052	-91.05
3001252	1829613	-91.12
3001756	1829821	-79.319
3001641	1829652	-73.269
3001721	1829686	-78.919
3001292	1829882	-97.209
3001521	1829603	-79.569
3001387	1829702	-91.51
3001411	1830029	-95.199
3001367	1829580	-95.4
3001547	1830199	-96.47
3001228	1830058	-99.569
3001082	1829788	-100.709
3000838	1829354	-102.51
3001564	1829938	-88.4
3001736	1829724	-77.809
3001408	1829211	-100.29
3001538	1829418	-90.459
3001820	1829985	-85.379
3000751	1829264	-104.319
3001604	1829535	-78.94
3001580	1829906	-81.339
3001365	1829754	-93.709
3001769	1830051	-92.599
3001208	1829607	-93.11
3001235	1830046	-100.66
3001588	1829628	-75.87
3001541	1829419	-90.349
3001451	1829895	-89.97
3001602	1829633	-75.139
3001724	1830174	-94.91
3001351	1829894	-97.36
3001369	1829571	-95.47
3001504	1829499	-83.169
3000671	1829583	-119.37
3001183	1829395	-90.269
3000863	1829758	-108.169
3001845	1830232	-94.22
3001541	1830197	-94.349
3001220	1830089	-100.5
3001545	1830093	-93.91
3001263	1829410	-92.599
3001533	1829509	-81.879
3001526	1829506	-82.239
3001331	1829884	-97.879
3000793	1829837	-111.169
3001560	1829943	-86.22
3001351	1829780	-93.529
3001860	1830096	-94.8
3001729	1830171	-94.23
3001362	1829592	-93.849
3001247	1829418	-92.809
3001302	1829881	-97.589
3001356	1829459	-89.029
3001730	1829807	-80.33
3001659	1829801	-74.639
3001425	1829470	-86.889
3001502	1829595	-80.9
3001522	1830092	-94.269
3001720	1830076	-93.43
3001321	1829631	-88.819
3001340	1829625	-88.11
3001235	1830044	-101.0
3001290	1829910	-97.72
3001488	1829813	-82.199
3001327	1829433	-90.55
3001760	1829688	-78.879
3001227	1829697	-98.349
3001739	1830153	-90.669
3001392	1829470	-87.989
3001301	1829879	-97.879
3001217	1830103	-103.949
3001605	1829635	-75.19
3001323	1829334	-93.05
3001768	1830300	-95.599
3001773	1829691	-84.959
3001236	1829414	-93.22
3001609	1830051	-87.059
3001812	1830007	-88.639
3001399	1830023	-94.29
3001632	1829648	-73.98
3001759	1829687	-78.879
3001603	1829774	-75.72
3001315	1829871	-98.97
3001616	1829961	-89.489
3001645	1829988	-85.76
3001922	1829968	-91.08
3001382	1829910	-96.86
3001481	1829588	-82.18
3001686	1830160	-93.339
3001235	1830037	-101.739
3001262	1829956	-97.75
3001236	1829641	-99.01
3001692	1830162	-94.629
3001536	1829232	-94.819
3001780	1830053	-91.239
3001442	1830228	-96.739
3001758	1829687	-78.849
3001687	1829553	-78.37
3001409	1829464	-87.68
3000909	1829872	-100.97
3001384	1829708	-92.949
3001383	1829920	-96.05
3001479	1830167	-93.83
3001350	1829982	-97.5
3001310	1830093	-98.639
3001813	1829611	-79.68
3001478	1829380	-88.73
3001346	1829891	-97.809
3001597	1830115	-94.709
3001404	1829867	-92.8
3001025	1829327	-99.41
3001832	1830242	-96.36
3001327	1830098	-99.699
3001365	1829583	-93.41
3001367	1829751	-94.069
3001189	1829640	-95.15
3001356	1829999	-97.239
3001353	1829968	-98.19
3000577	1829219	-108.61
3001301	1829886	-96.98
3001396	1830128	-97.599
3001478	1829381	-89.029
3001491	1830173	-98.55
3000758	1829991	-118.36
3001637	1829791	-75.26
3001497	1830152	-99.489
3001672	1830153	-95.9
3001394	1830020	-95.5
3001635	1829649	-74.05
3001371	1830211	-102.779
3001569	1829940	-86.269
3001355	1829444	-89.699
3001648	1830042	-92.669
3001271	1830071	-99.72
3001756	1830045	-92.01
3001750	1829603	-82.19
3001486	1829384	-88.79
3001465	1829902	-89.279
3001619	1830036	-86.58
3001457	1829699	-82.91
3001524	1829604	-79.93
3001352	1829617	-87.98
3001318	1829329	-93.519
3001257	1829408	-93.239
3001762	1829592	-81.5
3001595	1830075	-88.309
3001368	1829746	-94.04
3001319	1830096	-99.889
3000817	1829842	-113.61
3001546	1829420	-90.41
3001264	1830065	-97.55
3001535	1829839	-81.029
3000810	1829408	-119.129
3001132	1829907	-104.569
3001503	1830163	-98.559
3001195	1829386	-96.16
3001584	1829945	-89.839
3001084	1829774	-99.8
3001447	1829287	-97.919
3001450	1829288	-97.809
3001406	1829872	-93.319
3001478	1829907	-91.0
3001819	1829628	-71.489
3001738	1829584	-87.91
3001689	1830161	-93.709
3001248	1829405	-93.68
3001318	1829876	-98.86
3001412	1829677	-85.19
3001389	1829557	-87.069
3001768	1829692	-80.51
3001689	1830011	-90.809
3000832	1829311	-96.18
3001492	1829816	-84.19
3001475	1830255	-102.169
3001447	1829796	-85.65
3001221	1830084	-101.65
3001580	1829908	-82.029
3001406	1829871	-93.5
3001756	1830102	-93.959
3001135	1829883	-102.819
3001274	1830073	-100.29
3001488	1829493	-84.44
3001559	1829519	-81.309
3001337	1829437	-90.589
3001484	1829910	-91.519
3001528	1829413	-91.099
3001704	1829679	-75.029
3000907	1830074	-103.069
3001683	1830059	-93.33
3001242	1829666	-100.949
3001707	1829918	-82.629
3001235	1830034	-102.419
3001013	1829866	-98.699
3001397	1829365	-93.33
3001630	1829969	-84.98
3000884	1829526	-109.68
3000780	1829889	-117.43
3000444	1829147	-110.569
3001488	1829591	-82.139
3001333	1829630	-88.839
3001864	1830201	-99.79
3001699	1830067	-93.379
3001738	1829722	-79.62
3001657	1829996	-91.239
3000850	1829759	-109.309
3001308	1830092	-100.12
3001323	1830097	-100.04
3001780	1830054	-91.449
3001488	1829368	-89.069
3001595	1829630	-76.18
3001822	1830184	-96.569
3001361	1829445	-89.72
3000728	1829356	-116.48
3000772	1829929	-119.11
3001357	1829772	-94.739
3001774	1829958	-83.8
3001623	1829644	-74.8
3001483	1829491	-84.76
3001660	1829659	-73.41
3001388	1830124	-97.199
3001721	1829578	-79.739
3001455	1829897	-90.79
3001020	1829630	-105.989
3001764	1829825	-80.47
3001514	1829409	-92.129
3001439	1829285	-97.629
3001355	1829611	-88.199
3000543	1829210	-109.54
3001406	1829923	-95.059
3001336	1829887	-98.4
3001491	1830263	-102.44
3001374	1829929	-95.73
3001596	1830069	-88.37
3001427	1829885	-92.339
3001747	1829942	-82.819
3001019	1829871	-98.75
3001242	1830006	-98.86
3001586	1829627	-76.8
3001723	1830174	-95.69
3001318	1829631	-89.599
3001601	1829953	-90.129
3001657	1829658	-73.589
3001412	1830195	-95.389
3001602	1830063	-88.169
3001200	1829388	-96.16
3001326	1829633	-89.309
3001739	1829721	-80.389
3000683	1829535	-116.68
3001712	1830171	-95.29
3001389	1829918	-96.849
3001448	1829693	-83.739
3001814	1830003	-89.589
3001767	1829826	-80.669
3001234	1829642	-99.339
3001542	1829419	-91.069
3001490	1829962	-94.87
3001815	1829999	-86.569
3001328	1830099	-100.169
3001351	1829979	-97.9
3001604	1829955	-90.16
3001525	1829412	-91.55
3001339	1829888	-98.489
3001531	1830178	-96.69
3001526	1829606	-80.23
3001460	1829578	-84.16
3001537	1829418	-91.58
3001353	1829777	-94.72
3001761	1829824	-80.529
3001433	1829473	-87.33
3001233	1830034	-102.66
3001262	1829949	-98.29
3001669	1829805	-75.529
3001556	1830191	-98.389
3001374	1829464	-89.29
3001155	1829388	-91.93
3001678	1829466	-86.01
3001481	1829384	-89.959
3001653	1830145	-97.44
3001233	1830035	-102.599
3001748	1829818	-77.599
3001856	1830109	-95.16
3001164	1829390	-91.73
3001766	1829692	-80.169
3001779	1830055	-92.019
3001479	1829809	-86.69
3001340	1830102	-101.33
3001525	1830016	-89.209
3001774	1830302	-96.339
3000374	1829163	-111.73
3001392	1829919	-95.639
3001265	1829940	-97.54
3001638	1829651	-74.5
3001409	1829180	-101.23
3001325	1829840	-93.66
3000403	1829171	-111.349
3001678	1830006	-90.91
3001247	1829612	-92.43
3001261	1830063	-100.559
3001236	1830024	-102.68
3001507	1830059	-90.11
3001387	1829919	-96.94
3001591	1829949	-91.8
3001339	1830193	-102.98
3001364	1830004	-96.97
3001412	1829846	-91.86
3001590	1829874	-80.779
3001476	1829296	-92.33
3001300	1829877	-98.879
3001538	1830196	-95.669
3001049	1829873	-108.029
3001528	1829414	-91.91
3001483	1829811	-86.68
3001823	1830181	-97.11
3000839	1829780	-116.639
3001353	1829614	-88.62
3001358	1829961	-99.55
3001469	1829804	-86.44
3001257	1829974	-99.3
3000451	1829138	-111.199
3001555	1829940	-84.54
3001401	1829474	-88.569
3001482	1829298	-92.26
3001649	1830143	-96.61
3001674	1829463	-85.98
3000903	1829871	-101.98
3001674	1830004	-91.0
3001266	1829965	-100.4
3001615	1829641	-75.639
3001224	1829698	-99.01
3001751	1830042	-92.68
3000571	1829218	-109.51
3001758	1829822	-80.709
3001472	1829486	-85.72
3001412	1829877	-94.11
3001243	1829653	-101.319
3001343	1829889	-98.779
3000661	1829174	-108.169
3001499	1830074	-90.93
3001300	1829438	-92.33
3000670	1829195	-107.589
3001479	1829298	-92.379
3001405	1829368	-93.669
3001632	1829546	-79.739
3001235	1829413	-94.72
3001559	1829849	-83.93
3001316	1829324	-94.48
3000783	1829526	-117.9
3001386	1829705	-92.129
3001444	1830149	-97.709
3001413	1829843	-92.519
3001358	1829897	-98.48
3001344	1829623	-89.04
3001387	1829456	-89.309
3001350	1829783	-94.459
3001223	1829699	-99.01
3001105	1830054	-106.339
3001409	1829676	-86.059
3001735	1829936	-84.15
3001446	1830244	-101.239
3001540	1829841	-81.75
3001523	1829412	-92.279
3001409	1829215	-101.86
3001463	1829801	-87.4
3001185	1829395	-91.54
3001438	1829569	-85.72
3001538	1829840	-81.769
3001411	1829876	-94.04
3001727	1830030	-91.9
3001728	1829759	-74.959
3001687	1829551	-79.629
3001242	1829611	-92.919
3001860	1830099	-95.849
3000814	1829389	-115.989
3000257	1829126	-113.66
3001408	1829873	-94.089
3001597	1830071	-89.05
3000894	1829806	-101.9
3001472	1830254	-102.72
3001172	1829379	-92.0
3001410	1830027	-96.209
3001235	1830035	-103.059
3001332	1829821	-95.75
3001673	1829911	-81.3
3001490	1829814	-84.639
3001723	1829794	-76.72
3001502	1830140	-98.209
3001351	1829975	-98.709
3001630	1830134	-96.61
3001644	1830040	-93.529
3001582	1829944	-90.79
3001235	1830027	-103.22
3001574	1829854	-84.019
3001794	1830036	-88.099
3001482	1829299	-92.51
3001501	1830178	-95.19
3001590	1830086	-89.68
3001501	1829967	-91.809
3001379	1829909	-98.08
3001385	1829706	-91.779
3001764	1829692	-80.389
3001373	1829451	-90.01
3001365	1829902	-98.379
3001019	1829599	-106.61
3001290	1830081	-100.0
3001245	1830009	-99.629
3001500	1830311	-97.58
3001782	1830051	-91.98
3001540	1829938	-85.199
3001365	1829585	-95.23
3001272	1830164	-101.68
3001481	1829298	-92.629
3001506	1830065	-90.79
3001724	1830079	-94.809
3000893	1830128	-104.86
3001386	1830016	-98.29
3001349	1829455	-90.76
3001539	1830182	-97.389
3001771	1829692	-81.559
3001550	1829515	-82.639
3001569	1829927	-86.069
3001397	1830227	-97.519
3000853	1829482	-113.379
3001191	1829385	-97.41
3001519	1830031	-91.93
3001473	1829806	-87.419
3001504	1830136	-97.8
3001757	1830106	-94.75
3001718	1829684	-79.66
3001693	1829519	-83.61
3001243	1829661	-101.949
3001278	1830167	-102.83
3001401	1829366	-94.199
3001497	1829915	-91.43
3001734	1829728	-78.01
3001557	1829756	-78.87
3001761	1829689	-80.389
3001334	1830100	-101.029
3000833	1829303	-97.33
3000782	1829533	-118.519
3001409	1829218	-102.33
3001602	1830059	-88.87
3000876	1830200	-106.269
3001456	1829798	-87.559
3001382	1829467	-89.819
3000860	1829491	-116.33
3001705	1830168	-96.099
3001731	1829934	-84.389
3001438	1829800	-85.959
3001315	1829174	-105.569
3001341	1829624	-89.66
3001677	1829464	-86.79
3001408	1830501	-102.839
3001417	1830187	-97.599
3001481	1829810	-87.389
3000819	1830004	-105.599
3001487	1829378	-89.87
3001561	1829942	-88.379
3001753	1829820	-78.86
3001498	1830176	-98.669
3001372	1829906	-98.449
3001132	1829912	-106.019
3001564	1829937	-89.18
3000817	1830015	-113.309
3000668	1829193	-108.209
3001739	1829938	-84.37
3001820	1829741	-83.08
3001695	1829513	-84.58
3000857	1829883	-103.459
3001586	1829946	-91.139
3001783	1830048	-92.43
3001349	1829787	-94.349
3001364	1829588	-95.65
3001590	1829875	-81.54
3001181	1829381	-92.26
3001215	1830108	-106.87
3001314	1829869	-100.779
3001240	1829415	-95.139
3001327	1829633	-90.309
3001365	1829461	-90.47
3001589	1830108	-93.98
3001594	1830224	-98.51
3001092	1829718	-101.87
3001548	1829421	-91.79
3001591	1830110	-97.41
3001274	1829922	-97.8
3001322	1829848	-93.779
3001515	1830080	-96.76
3001191	1829640	-96.75
3001670	1830002	-91.699
3001587	1830091	-90.379
3001293	1829621	-91.69
3001275	1829946	-100.599
3001565	1829934	-89.22
3001484	1830170	-100.18
3001566	1829940	-90.51
3001182	1829638	-96.43
3001492	1829494	-85.62
3001671	1829913	-81.98
3001234	1829413	-95.059
3001320	1829851	-96.529
3001581	1830204	-98.0
3001518	1830188	-98.01
3001334	1829819	-96.47
3001751	1829819	-78.839
3001277	1829941	-100.5
3001396	1829557	-88.22
3001311	1829627	-91.04
3001429	1829378	-92.62
3001481	1830168	-97.559
3001542	1829842	-82.339
3000863	1829496	-117.129
3001590	1830082	-90.099
3001709	1830170	-96.319
3001499	1829967	-92.26
3001462	1829801	-87.98
3001547	1829750	-79.569
3001193	1829640	-96.93
3001235	1830148	-102.209
3001239	1829682	-102.36
3001382	1829713	-94.75
3001550	1830200	-98.599
3001236	1829413	-95.459
3001481	1829714	-83.019
3001805	1829701	-82.959
3001494	1829964	-92.62
3001271	1829427	-94.12
3001511	1830051	-91.48
3001793	1830038	-88.769
3001244	1829646	-102.069
3001731	1830168	-95.949
3001345	1830104	-102.389
3001314	1829216	-104.129
3001590	1829871	-81.629
3001368	1830007	-97.839
3001688	1829910	-83.489
3001561	1830207	-98.449
3001398	1829557	-88.26
3001391	1830221	-97.919
3001538	1830089	-96.94
3001407	1830503	-103.209
3001345	1829622	-89.83
3001480	1829298	-93.23
3000780	1829893	-118.879
3001495	1829304	-92.879
3001753	1830095	-95.839
3001329	1829883	-99.97
3001675	1829465	-86.93
3001451	1829796	-87.779
3001819	1829738	-82.949
3000922	1829593	-108.839
3001236	1830047	-102.739
3001668	1829918	-82.419
3001519	1829410	-93.069
3001783	1830050	-92.449
3000390	1829167	-112.629
3001660	1829998	-90.97
3001448	1829796	-87.389
3001619	1830235	-96.879
3001322	1829847	-94.16
3001588	1830089	-90.559
3001342	1829802	-95.04
3000919	1830024	-103.87
3001456	1830249	-104.48
3001449	1829479	-87.849
3001281	1829619	-92.41
3001241	1829674	-102.639
3001294	1829880	-99.669
3001670	1829914	-82.33
3000906	1829717	-114.669
3001359	1830111	-101.48
3001021	1829607	-107.199
3001772	1829692	-83.23
3001223	1829700	-99.989
3001618	1829540	-80.809
3001860	1830207	-100.68
3001315	1829319	-95.61
3000730	1829348	-115.87
3001361	1829446	-91.29
3001409	1830203	-97.16
3001366	1829581	-96.699
3001379	1829923	-97.73
3001441	1829798	-86.339
3001348	1830106	-102.62
3001717	1830173	-96.97
3001614	1830234	-100.349
3001368	1829939	-97.69
3001459	1829799	-88.339
3001676	1830155	-97.889
3001677	1829558	-80.199
3001349	1829442	-91.819
3001506	1829597	-82.879
3001373	1829932	-97.04
3001102	1830068	-107.8
3001762	1829950	-84.879
3001706	1829918	-84.239
3001318	1830365	-102.01
3001439	1830043	-96.83
3001533	1829981	-88.089
3001695	1830163	-96.73
3001559	1829425	-91.87
3001409	1829262	-96.819
3001529	1829836	-83.01
3001755	1829946	-84.54
3001728	1829804	-82.79
3001363	1829900	-99.44
3001410	1829370	-94.58
3001014	1829867	-100.44
3001432	1829809	-88.699
3001359	1829601	-94.43
3001321	1829878	-100.629
3001328	1829833	-96.0
3001725	1829931	-84.489
3001371	1829936	-96.98
3001591	1830083	-90.58
3001261	1829966	-101.069
3001271	1829412	-94.73
3001763	1830296	-100.809
3001686	1830009	-88.809
3001381	1829922	-97.98
3001235	1830038	-103.8
3001775	1829958	-85.519
3001496	1829496	-85.94
3001553	1830096	-95.839
3001610	1830124	-96.61
3001397	1830225	-98.36
3001754	1830096	-96.169
3001269	1829932	-99.389
3001569	1829761	-79.22
3001235	1830036	-104.04
3001544	1830198	-98.48
3000690	1829504	-119.61
3001324	1829843	-94.889
3001791	1830039	-89.25
3001469	1829903	-91.29
3001502	1830267	-99.86
3001277	1829429	-94.389
3001527	1830013	-90.709
3001412	1830136	-101.47
3000819	1829375	-115.769
3001297	1829623	-92.139
3001442	1829797	-86.51
3001686	1829909	-83.989
3001564	1829427	-91.93
3001329	1830342	-101.669
3001444	1830241	-101.16
3001626	1829645	-76.51
3000684	1829527	-118.15
3001252	1830155	-103.669
3000845	1829474	-113.849
3001325	1829838	-95.379
3001302	1829884	-99.849
3001203	1830159	-103.839
3001699	1829499	-86.97
3001452	1829797	-88.209
3001256	1829985	-100.889
3000909	1830065	-104.919
3001262	1829951	-100.089
3001546	1829844	-82.889
3001465	1830252	-103.209
3001279	1829911	-99.709
3001443	1830045	-97.559
3001765	1830050	-95.029
3001409	1829558	-88.379
3001518	1830083	-97.37
3001342	1829343	-94.849
3001507	1830073	-93.819
3000803	1829837	-114.949
3001213	1830120	-108.11
3001830	1829713	-84.879
3001795	1830035	-89.69
3001404	1829865	-94.9
3001769	1829692	-80.419
3000921	1829805	-102.629
3001510	1830075	-94.029
3001230	1830051	-102.819
3001302	1829882	-100.12
3000778	1829907	-117.959
3001477	1829808	-88.41
3001409	1829216	-103.23
3001513	1829600	-82.86
3001658	1830147	-99.169
3000828	1829826	-116.029
3001387	1829361	-95.44
3001675	1829911	-82.629
3001810	1830010	-88.73
3001243	1829655	-102.9
3001719	1830174	-97.26
3001566	1829851	-84.19
3001765	1829692	-81.739
3000800	1829836	-114.36
3001233	1829642	-101.089
3001320	1829877	-101.0
3001329	1829339	-95.48
3000857	1829487	-114.949
3001377	1829909	-99.339
3001267	1829411	-95.19
3001577	1829913	-84.489
3001405	1829869	-95.569
3001177	1829393	-93.18
3001374	1829451	-91.309
3001409	1829222	-103.47
3001612	1829640	-77.4
3001563	1829939	-90.11
3001448	1830245	-104.739
3001014	1829660	-107.48
3001270	1829955	-100.519
3000914	1829689	-115.069
3001440	1829891	-90.089
3001666	1829461	-87.11
3001321	1829849	-94.5
3001607	1829637	-77.69
3001375	1830118	-99.839
3001516	1830040	-92.849
3001327	1829834	-96.269
3001574	1829918	-84.889
3001305	1830393	-106.43
3001323	1830352	-104.589
3001082	1829795	-104.3
3001480	1829908	-93.51
3001501	1829497	-86.23
3001486	1829910	-93.75
3001531	1829608	-81.949
3001566	1829933	-90.379
3001314	1829271	-101.5
3001205	1829640	-98.5
3001559	1829941	-87.98
3001233	1830041	-104.01
3000887	1829532	-114.0
3001650	1829992	-92.959
3001240	1830023	-105.269
3001551	1829515	-84.029
3001424	1830172	-99.989
3001419	1830034	-100.51
3001575	1829914	-84.76
3001180	1829634	-96.989
3001599	1830067	-90.47
3001547	1830187	-96.9
3001552	1830189	-100.43
3001653	1829994	-93.61
3001470	1829804	-88.449
3001448	1830153	-99.309
3001225	1829698	-100.93
3001243	1829657	-103.25
3001571	1830213	-98.709
3001442	1830235	-99.569
3001445	1830212	-97.459
3001375	1829907	-99.73
3001604	1830059	-90.209
3001353	1830200	-104.139
3001538	1829978	-88.54
3001669	1829915	-83.199
3001363	1830113	-102.25
3001637	1830138	-98.4
3000797	1829836	-114.48
3001729	1829581	-84.48
3001233	1830038	-104.4
3000820	1830000	-106.87
3001863	1830090	-95.589
3001586	1830097	-91.839
3001315	1829321	-96.419
3001234	1830032	-105.089
3001383	1830122	-99.279
3001563	1829940	-91.36
3001664	1829925	-83.739
3001582	1829900	-84.22
3001382	1829453	-91.379
3001606	1830054	-90.099
3001742	1830038	-91.819
3001497	1829305	-93.87
3001234	1830043	-104.05
3001527	1829835	-83.86
3001580	1829907	-84.559
3001716	1830025	-93.529
3001450	1829796	-88.72
3001180	1829394	-93.48
3000992	1829531	-101.51
3001267	1829960	-102.069
3001409	1829220	-103.819
3001552	1829940	-86.639
3001710	1830022	-93.449
3001607	1830230	-101.18
3001109	1830035	-108.55
3001486	1829399	-94.66
3000805	1829839	-115.61
3001550	1829940	-86.699
3001572	1829921	-85.36
3001427	1830164	-100.44
3001543	1830092	-97.11
3001314	1830095	-102.069
3001557	1829848	-85.94
3000661	1829176	-110.169
3001447	1829894	-92.779
3001704	1829485	-89.23
3000870	1829505	-114.809
3001214	1829643	-99.419
3001467	1829486	-87.94
3001465	1829801	-89.4
3001785	1830045	-91.949
3001624	1830033	-89.26
3001152	1829387	-94.309
3001549	1829940	-86.809
3001513	1830046	-92.949
3001437	1829801	-87.569
3001529	1829248	-98.419
3001409	1829233	-101.91
3001593	1829630	-78.91
3001564	1830209	-99.76
3001683	1830159	-94.79
3001586	1830092	-91.86
3001600	1829633	-78.54
3001621	1830034	-89.41
3001602	1830213	-98.15
3001340	1829805	-96.19
3001499	1829308	-93.959
3001521	1830086	-97.949
3001416	1829879	-94.519
3001370	1829904	-100.16
3001722	1829929	-85.16
3001607	1830216	-99.739
3000855	1829892	-105.139
3001338	1830101	-103.449
3001530	1829992	-89.61
3001544	1830184	-98.099
3001315	1829176	-107.23
3001233	1830042	-104.4
3001508	1830055	-92.33
3001565	1829935	-91.019
3001231	1830045	-104.11
3001485	1829362	-92.18
3001283	1830169	-104.66
3001521	1830099	-97.15
3001701	1829494	-88.48
3001314	1829628	-92.44
3001272	1829950	-101.8
3001743	1829940	-86.11
3001576	1830201	-100.069
3001821	1830235	-97.37
3001436	1829803	-87.87
3001259	1830159	-105.559
3000655	1829651	-116.36
3001721	1830174	-98.16
3001483	1829909	-94.75
3001518	1829602	-83.349
3001612	1829537	-82.309
3001158	1829389	-94.43
3001603	1830120	-95.989
3001437	1829802	-87.849
3001279	1829935	-100.769
3001446	1830047	-96.709
3001661	1829460	-87.94
3001168	1829391	-94.199
3001581	1829432	-88.519
3001588	1829881	-83.639
3001457	1829291	-100.75
3001514	1830079	-98.51
3001243	1829664	-104.08
3001580	1829905	-84.919
3001439	1829382	-96.379
3000922	1829799	-103.519
3001427	1829470	-90.209
3001244	1829648	-103.72
3000920	1829808	-103.589
3001773	1829692	-85.55
3001506	1830132	-99.12
3001232	1830037	-104.989
3001627	1830033	-90.55
3001665	1829922	-84.11
3001324	1829880	-101.72
3001499	1829320	-95.44
3001758	1829948	-87.08
3001663	1829999	-87.779
3001242	1829669	-104.089
3001345	1830195	-105.559
3000779	1829898	-118.66
3001528	1830010	-91.54
3001550	1829421	-93.29
3001443	1829286	-100.879
3000989	1829525	-102.15
3001427	1830159	-101.099
3001563	1829850	-86.43
3001849	1830226	-97.779
3001553	1829847	-86.269
3001300	1830178	-104.18
3001317	1829327	-96.849
3001484	1829385	-92.589
3001222	1829643	-100.72
3001556	1829946	-88.209
3001434	1829806	-89.489
3001436	1829804	-88.599
3001103	1830062	-107.93
3000916	1829811	-103.839
3001554	1830097	-97.019
3001873	1830186	-102.97
3001322	1829432	-94.3
3001295	1829878	-101.379
3001728	1829595	-87.51
3001506	1830077	-94.9
3001571	1829922	-86.01
3001710	1829681	-79.279
3001006	1829557	-101.709
3001529	1829607	-82.93
3001575	1829941	-96.18
3001682	1830008	-88.93
3001560	1829425	-93.199
3001578	1829912	-85.48
3001281	1829930	-101.639
3001283	1829925	-101.9
3000743	1830038	-117.36
3001345	1829440	-93.51
3001532	1829837	-84.419
3001392	1830223	-99.76
3001508	1830074	-95.25
3001451	1830153	-98.44
3001351	1829618	-91.43
3001600	1830117	-97.349
3001453	1829797	-89.61
3001248	1829994	-101.19
3001512	1830078	-98.83
3001454	1830154	-98.529
3001501	1830308	-99.91
3001225	1829642	-101.26
3001174	1829392	-94.379
3001313	1830376	-106.41
3001790	1830041	-90.739
3001529	1830085	-98.9
3001424	1829376	-93.43
3001424	1830036	-101.76
3001472	1829904	-92.73
3001401	1829461	-91.559
3001512	1830288	-99.29
3001513	1829973	-92.86
3001425	1829884	-95.489
3001409	1829219	-104.589
3001753	1830094	-97.76
3001747	1830040	-95.379
3001394	1830223	-99.849
3001436	1829284	-100.529
3001630	1829544	-82.529
3001522	1830091	-98.16
3001324	1830098	-103.309
3001821	1829745	-86.019
3001367	1829903	-100.839
3001458	1829799	-89.91
3001535	1830087	-98.12
3001590	1829869	-83.5
3001721	1829593	-84.22
3001331	1830099	-103.389
3001579	1830216	-97.569
3001557	1829941	-87.76
3001397	1830223	-99.879
3001516	1830282	-99.43
3001389	1829456	-92.05
3001526	1829932	-92.12
3000850	1829478	-115.809
3001508	1830270	-106.01
3001223	1830075	-106.4
3001814	1830200	-99.069
3001271	1829927	-100.819
3001435	1830041	-98.559
3001535	1830195	-99.4
3001810	1830220	-98.019
3001397	1830224	-99.97
3001493	1829303	-94.94
3001343	1829798	-96.279
3001720	1830027	-93.36
3001593	1830079	-92.12
3001327	1829881	-102.15
3001544	1829843	-84.459
3001406	1830504	-105.29
3001546	1829966	-88.97
3000704	1829453	-118.419
3001385	1829920	-99.919
3001397	1830228	-100.15
3001446	1829384	-95.55
3001238	1830018	-102.709
3001528	1829507	-86.25
3001422	1830176	-101.059
3001183	1830322	-113.08
3001235	1829642	-102.8
3001815	1829973	-88.98
3001662	1830149	-99.04
3001437	1830146	-102.239
3001420	1830182	-100.12
3001512	1830048	-93.779
3001288	1830172	-104.83
3001372	1830116	-101.47
3000824	1829837	-117.37
3001383	1829359	-97.019
3000776	1829557	-113.589
3001012	1829570	-101.989
3001357	1830202	-105.29
3001461	1830251	-103.23
3001368	1830210	-105.73
3001770	1829692	-83.309
3001432	1830040	-98.529
3001831	1829714	-87.059
3001171	1829392	-94.86
3001439	1829800	-88.48
3001572	1829853	-87.01
3001692	1829526	-85.459
3001232	1830044	-105.08
3001668	1829917	-84.569
3001530	1829998	-90.73
3001551	1830095	-97.79
3000837	1829299	-99.949
3001547	1829845	-84.61
3001134	1829889	-109.019
3001522	1830174	-101.62
3001770	1829595	-86.209
3001678	1830156	-99.959
3000660	1829625	-116.529
3001702	1830167	-98.83
3001524	1830085	-99.129
3001495	1829914	-93.589
3001303	1830179	-104.83
3001509	1830053	-93.19
3001695	1829582	-80.75
3001840	1830144	-101.389
3001568	1829929	-90.309
3001408	1829207	-104.65
3001526	1830085	-99.25
3001681	1830158	-97.76
3001232	1830042	-105.37
3000673	1829574	-119.589
3001647	1829990	-90.569
3001511	1829599	-84.709
3001276	1829916	-100.91
3001332	1829340	-96.94
3001888	1830039	-96.12
3001259	1829980	-102.93
3001680	1829909	-84.25
3001579	1829432	-91.129
3001608	1829638	-79.22
3001522	1830095	-98.4
3001227	1829642	-102.059
3001262	1829946	-101.61
3001544	1829939	-88.11
3001300	1830401	-107.529
3001366	1829449	-93.279
3001713	1830024	-94.73
3001579	1829911	-86.08
3001692	1829529	-85.199
3001580	1829943	-93.87
3001337	1829811	-97.4
3001466	1829802	-90.55
3001433	1829807	-90.449
3001379	1830120	-101.43
3001315	1829186	-105.98
3001689	1829546	-83.269
3001695	1830014	-94.769
3001522	1830097	-98.36
3001580	1829909	-86.05
3001515	1830043	-94.389
3001515	1829976	-93.199
3001457	1829388	-94.389
3000821	1829995	-108.29
3001671	1829464	-89.11
3001507	1829310	-95.059
3001213	1830125	-110.33
3001467	1829803	-89.44
3001704	1829585	-81.44
3001283	1829900	-101.389
3001786	1829616	-86.61
3001444	1829892	-92.79
3001409	1829260	-98.349
3001411	1829464	-91.97
3001442	1829475	-90.69
3001590	1829876	-84.37
3001367	1830114	-103.86
3001645	1830141	-94.849
3001392	1829363	-97.44
3001417	1830138	-103.65
3001518	1829504	-87.209
3001575	1830103	-93.779
3001232	1830036	-106.19
3000825	1829833	-117.839
3001618	1830130	-97.089
3001497	1829965	-92.98
3001451	1830049	-98.599
3001435	1829805	-90.18
3001245	1829998	-102.51
3001462	1829390	-94.879
3001409	1829225	-105.44
3001599	1830064	-92.12
3001567	1830103	-93.879
3001818	1829736	-85.629
3001476	1830166	-97.459
3001339	1829342	-97.05
3001232	1830038	-106.04
3001441	1830147	-102.769
3001576	1829913	-86.51
3001265	1830161	-106.9
3001818	1829737	-85.61
3001676	1829910	-84.65
3001687	1829579	-81.099
3001588	1830104	-93.809
3001264	1829943	-100.949
3001286	1829896	-101.069
3001699	1830165	-99.269
3001254	1829982	-102.75
3001132	1829917	-109.19
3001536	1829510	-86.529
3001020	1829871	-102.79
3000852	1829758	-114.18
3001454	1830051	-99.91
3001434	1829380	-96.73
3000702	1829461	-117.449
3000810	1829350	-108.029
3001492	1829913	-93.419
3001500	1829317	-96.089
3001013	1829867	-103.0
3001503	1829969	-95.75
3001778	1830305	-100.339
3001244	1829650	-105.129
3001514	1830286	-100.48
3001344	1829795	-97.519
3001549	1829846	-86.36
3001513	1830185	-101.099
3001641	1830139	-98.669
3001509	1829598	-85.379
3001398	1830222	-100.75
3001703	1829917	-86.79
3001314	1829315	-98.44
3001545	1829968	-89.949
3001458	1829482	-90.18
3001508	1829972	-93.809
3001464	1829801	-91.139
3001234	1830038	-106.37
3001562	1829941	-92.04
3001413	1829159	-104.73
3001124	1829960	-104.98
3001418	1829880	-96.589
3001443	1830221	-100.809
3001506	1830064	-94.319
3001290	1829887	-101.959
3001516	1830187	-101.209
3001314	1829168	-108.91
3001513	1830080	-99.919
3001516	1830082	-99.879
3001568	1829851	-87.19
3001510	1830078	-97.72
3001287	1829916	-101.87
3001516	1829601	-85.099
3001530	1830000	-91.589
3001419	1829467	-92.029
3001667	1829920	-85.55
3001402	1830515	-106.519
3001231	1830046	-105.73
3001420	1829374	-94.809
3001520	1830102	-98.239
3001610	1829640	-79.839
3001575	1830215	-100.739
3001447	1830208	-99.489
3001626	1830230	-101.97
3001488	1829912	-93.629
3001202	1829640	-100.58
3001549	1829961	-89.73
3001494	1829914	-94.16
3001428	1830038	-98.459
3001432	1829283	-101.44
3001521	1830087	-99.75
3001262	1829958	-102.58
3001229	1829642	-103.129
3001355	1829774	-99.309
3001688	1829549	-83.739
3001557	1829945	-90.05
3001316	1829630	-94.16
3001553	1830202	-101.839
3001430	1829886	-95.37
3001692	1829521	-87.08
3001623	1830132	-96.919
3001253	1829986	-103.419
3001440	1829799	-89.44
3001698	1829914	-85.26
3001467	1829293	-98.41
3001405	1830208	-100.51
3001449	1830204	-99.519
3001812	1830225	-99.18
3000790	1829495	-115.65
3001460	1829292	-102.48
3001657	1829459	-89.949
3001590	1829870	-84.93
3001442	1830237	-101.959
3001285	1829921	-103.349
3000635	1829718	-111.989
3001475	1829488	-89.809
3001499	1829403	-97.16
3001233	1830040	-106.61
3001581	1829903	-86.69
3001610	1830047	-92.12
3001562	1829940	-92.37
3000810	1829412	-119.51
3001414	1829878	-96.26
3001345	1829792	-97.9
3000719	1829392	-118.489
3001408	1829213	-105.91
3001824	1830177	-101.589
3000808	1829840	-118.099
3001409	1829235	-102.459
3001503	1830076	-95.87
3001554	1829949	-89.709
3001594	1830073	-93.29
3001499	1829916	-95.37
3001262	1829954	-103.239
3001315	1829873	-104.12
3001570	1829852	-88.239
3001533	1830086	-99.69
3001455	1830156	-100.139
3001232	1830043	-106.449
3001453	1830248	-107.93
3001506	1830071	-95.989
3001408	1829200	-105.739
3001561	1829850	-88.269
3001161	1829389	-96.47
3001465	1830060	-100.54
3001131	1829921	-109.849
3001405	1830508	-106.889
3001508	1829971	-94.589
3001402	1830131	-102.819
3001581	1829860	-87.769
3001506	1830269	-107.599
3001241	1830009	-103.68
3001522	1829930	-94.44
3001512	1829974	-94.44
3001323	1829845	-97.91
3001822	1829746	-88.15
3001242	1830016	-104.66
3001428	1830156	-103.239
3001246	1830152	-105.839
3001665	1830151	-97.51
3001465	1830168	-99.98
3001473	1830165	-98.529
3001508	1830128	-100.5
3000924	1829792	-105.709
3001468	1830163	-100.319
3001474	1829295	-97.139
3001555	1829847	-88.599
3001197	1829640	-100.97
3001508	1829923	-93.05
3001326	1829836	-98.949
3001520	1830085	-100.489
3001592	1830078	-93.83
3001471	1830164	-99.599
3001251	1829989	-103.65
3001536	1830088	-99.949
3001409	1829214	-106.41
3001586	1829864	-85.36
3001565	1830103	-95.099
3000840	1829471	-117.16
3001468	1830062	-100.779
3001365	1830208	-105.519
3001549	1829959	-90.4
3001239	1830013	-104.319
3001404	1829461	-93.55
3001529	1829932	-91.4
3001520	1829504	-88.459
3001315	1829171	-109.879
3001578	1829857	-88.319
3000838	1829931	-116.76
3001214	1830114	-111.25
3001491	1829913	-94.589
3001449	1829477	-91.769
3001583	1829894	-86.889
3001352	1830108	-102.91
3001451	1830246	-108.04
3001212	1830131	-111.069
3001441	1830149	-103.989
3001787	1830044	-92.98
3001212	1829643	-102.12
3001820	1829743	-87.709
3001510	1830184	-101.98
3001506	1830063	-95.309
3001314	1829157	-109.449
3001435	1829066	-109.379
3000908	1829711	-112.389
3001475	1829906	-96.709
3001509	1829923	-92.349
3001810	1830213	-100.419
3001490	1829913	-94.61
3001470	1829294	-97.55
3001255	1829977	-104.08
3001455	1829798	-91.949
3000860	1829876	-107.72
3001788	1830043	-93.08
3001519	1830084	-100.91
3001761	1830048	-95.809
3001587	1830206	-98.949
3001395	1830227	-102.23
3001400	1830218	-101.819
3001512	1830077	-100.169
3001550	1829956	-90.519
3001515	1830170	-103.599
3001522	1830089	-100.62
3001504	1829406	-98.18
3001451	1830199	-100.26
3001464	1830163	-100.709
3000811	1829841	-119.059
3001515	1830284	-101.75
3001548	1829845	-86.54
3001510	1829972	-95.199
3001254	1829990	-104.019
3001570	1829926	-88.72
3001558	1829945	-91.61
3001558	1830205	-102.8
3000844	1829916	-108.83
3000714	1829412	-118.58
3001417	1829467	-93.449
3001216	1829643	-102.72
3001528	1829988	-92.419
3001224	1829643	-103.62
3001458	1830187	-99.889
3001249	1829999	-104.73
3001504	1830268	-105.68
3001464	1830161	-100.949
3001205	1830153	-107.919
3001728	1829933	-88.739
3001580	1829910	-87.959
3001349	1830198	-106.5
3001315	1829301	-100.169
3001244	1830013	-105.389
3001338	1829808	-99.239
3001219	1829643	-103.099
3001549	1830095	-100.33
3001559	1829944	-92.139
3001325	1829336	-99.23
3001462	1830057	-101.559
3001468	1830252	-107.459
3001017	1829585	-104.069
3001426	1829281	-102.199
3001575	1829916	-88.41
3001591	1830208	-104.089
3001546	1829940	-90.139
3001614	1830220	-105.25
3001202	1830166	-108.41
3001429	1830148	-104.239
3001628	1829448	-94.569
3001692	1829524	-87.949
3001415	1830191	-101.47
3001347	1829789	-98.97
3001453	1829289	-103.72
3001209	1829642	-102.41
3001314	1829311	-100.11
3001492	1829401	-98.43
3001496	1829915	-96.349
3001518	1830172	-103.87
3001388	1830220	-102.51
3001584	1829891	-87.309
3001437	1829889	-92.529
3001612	1830233	-104.639
3001428	1830151	-104.279
3001707	1830020	-96.279
3001517	1830277	-101.669
3001017	1829646	-104.489
3001724	1830028	-92.949
3001206	1830147	-108.099
3001567	1829931	-93.19
3001458	1830158	-101.26
3001441	1830225	-102.519
3001527	1829980	-92.569
3001465	1830172	-99.76
3000818	1830009	-110.629
3001698	1830015	-97.069
3001713	1829589	-84.79
3001530	1830003	-93.33
3001445	1830243	-105.37
3001575	1829855	-89.269
3001668	1829463	-91.11
3001524	1829931	-94.769
3001300	1829624	-96.3
3001412	1829166	-107.05
3001867	1830081	-97.47
3000822	1829990	-110.44
3001509	1829408	-98.65
3001827	1830171	-100.209
3001409	1829232	-106.01
3001620	1830131	-99.22
3001497	1829338	-99.279
3001439	1829799	-91.029
3001452	1830155	-101.41
3001409	1829223	-107.559
3001468	1829804	-92.04
3001587	1830220	-103.459
3001531	1829981	-92.709
3001407	1830133	-105.41
3001483	1830259	-107.069
3001361	1829352	-98.5
3000845	1829764	-108.48
3001392	1830535	-109.22
3001409	1829228	-107.699
3001472	1829295	-98.3
3001409	1829215	-107.51
3001392	1830126	-102.839
3001822	1830237	-100.94
3001357	1829350	-98.769
3001237	1830021	-105.62
3001457	1830190	-100.629
3001422	1829882	-98.58
3001553	1829951	-91.19
3001023	1829871	-104.91
3001518	1830109	-99.819
3001654	1829457	-91.22
3001207	1829641	-102.779
3001378	1829357	-99.739
3001757	1829605	-87.139
3001500	1829917	-96.839
3001492	1829343	-99.11
3001692	1829535	-87.099
3001402	1830024	-101.129
3001512	1829502	-89.93
3001434	1830145	-105.029
3001550	1829954	-91.309
3001460	1830158	-101.75
3001504	1829969	-97.529
3001433	1829888	-93.269
3001415	1829372	-97.019
3001551	1829953	-91.309
3000996	1829537	-105.459
3000853	1829897	-109.069
3001547	1829964	-91.989
3001669	1830152	-102.73
3001577	1829856	-89.72
3001233	1830039	-108.51
3001409	1829183	-107.559
3001408	1829205	-107.519
3001332	1830341	-106.43
3001701	1830017	-95.589
3001458	1830054	-102.62
3001692	1829533	-87.599
3001432	1830145	-105.23
3001486	1829359	-96.199
3001393	1830231	-103.459
3001428	1830153	-104.94
3001281	1829906	-104.389
3001540	1829977	-92.809
3001413	1829146	-105.75
3001325	1830349	-106.72
3001240	1830150	-106.75
3001528	1830085	-102.339
3001582	1829899	-88.459
3001597	1830211	-105.04
3001691	1829540	-86.819
3001444	1830217	-102.48
3001423	1829280	-102.97
3000880	1829521	-108.449
3001517	1830276	-102.459
3001664	1829461	-91.029
3001503	1830305	-103.44
3001503	1830180	-101.209
3001692	1829531	-88.019
3001420	1829881	-99.099
3001409	1829236	-103.519
3001320	1829331	-100.55
3001511	1830291	-103.029
3001190	1830220	-112.559
3001327	1829337	-100.29
3001618	1830222	-106.48
3001558	1829941	-91.4
3001506	1830062	-96.809
3001465	1830164	-102.04
3001536	1829979	-93.209
3001548	1830094	-101.529
3001410	1829177	-107.779
3001463	1830174	-100.75
3001543	1829973	-92.83
3001407	1830206	-102.699
3001316	1830370	-108.26
3001516	1829975	-96.58
3001511	1830271	-109.66
3001413	1829156	-107.05
3001409	1829224	-108.41
3001230	1830147	-108.019
3001409	1829226	-108.449
3001185	1830245	-112.959
3001531	1830085	-101.68
3001198	1830186	-111.05
3000923	1829795	-107.669
3001409	1829221	-108.47
3001555	1830098	-99.26
3001409	1829264	-102.319
3001556	1829941	-91.47
3001461	1829800	-93.94
3001397	1830226	-103.809
3001555	1829947	-92.04
3001519	1830105	-100.889
3001565	1829850	-90.73
3001509	1830167	-101.559
3001485	1830260	-107.849
3001405	1830506	-109.139
3001504	1829920	-97.69
3001551	1829846	-89.849
3001343	1829440	-97.739
3001516	1830081	-102.849
3001427	1830142	-105.209
3000832	1829304	-103.699
3001345	1829345	-100.11
3001461	1830180	-101.3
3001535	1829935	-91.76
3001580	1829858	-90.389
3001502	1829919	-97.72
3001570	1829924	-90.4
3001425	1830168	-105.26
3001458	1830249	-108.889
3001651	1829456	-92.3
3001430	1830147	-105.879
3001528	1830008	-94.9
3001414	1829137	-106.129
3001474	1829394	-98.94
3000451	1829141	-118.25
3001587	1829865	-87.629
3001347	1830338	-109.819
3001520	1829977	-96.949
3001504	1829921	-97.8
3001568	1829928	-92.83
3001314	1829308	-101.87
3001591	1830222	-104.889
3001409	1829241	-102.36
3001583	1829897	-89.22
3001179	1829632	-102.4
3001388	1830241	-104.629
3001221	1829644	-105.239
3000848	1829906	-110.349
3001315	1829304	-102.059
3001408	1829202	-108.51
3001408	1829212	-108.76
3001813	1830228	-102.11
3001414	1829143	-106.54
3001544	1829971	-93.48
3001609	1829442	-94.889
3001442	1830232	-104.819
3001337	1830341	-107.47
3001481	1829397	-99.629
3000846	1829911	-110.55
3001375	1830270	-105.709
3001514	1830115	-100.94
3001511	1830169	-102.79
3001506	1830066	-97.849
3001461	1830160	-103.04
3001328	1830344	-107.73
3001521	1830084	-103.3
3000800	1829458	-119.08
3001553	1829949	-92.419
3001208	1830142	-110.069
3001560	1830099	-97.75
3001361	1830205	-109.559
3001590	1829877	-88.44
3001413	1829148	-107.209
3001251	1829994	-106.819
3001288	1829891	-105.169
3001379	1830215	-110.93
3001511	1830076	-100.69
3001021	1829871	-106.589
3001453	1830196	-102.55
3001512	1830119	-100.959
3001517	1830279	-103.75
3001325	1829842	-101.23
3001230	1830049	-109.019
3001411	1829174	-108.919
3001409	1829227	-109.43
3001534	1830087	-102.809
3001557	1830099	-97.919
3001516	1830112	-101.349
3001489	1829364	-97.33
3001374	1829356	-100.489
3001369	1829355	-100.089
3001859	1830101	-103.339
3001529	1829981	-94.65
3000828	1829463	-119.389
3001506	1829922	-98.459
3001816	1829627	-80.04
3001600	1830227	-102.029
3001293	1830173	-109.04
3001588	1829866	-88.389
3001322	1829333	-101.819
3001588	1829867	-88.43
3001530	1829995	-95.26
3001649	1829456	-93.51
3000803	1829437	-111.629
3000832	1829465	-119.569
3001553	1829940	-92.529
3001392	1830218	-104.809
3001519	1829976	-97.94
3001468	1829392	-99.62
3001535	1829980	-94.76
3001199	1830178	-111.919
3001529	1829990	-95.279
3000836	1829468	-119.79
3001520	1830085	-103.819
3001491	1829355	-101.16
3001542	1829975	-94.519
3001410	1829267	-103.839
3001314	1829285	-105.029
3001690	1829543	-88.33
3001518	1829928	-98.169
3000803	1829441	-111.91
3001589	1829879	-89.29
3001518	1829978	-97.83
3001556	1830203	-105.949
3001563	1830101	-98.599
3001365	1829353	-100.919
3001503	1829919	-99.22
3001412	1829169	-109.769
3001498	1829916	-99.269
3001357	1830304	-107.569
3001634	1829450	-96.339
3001403	1830211	-104.87
3001470	1830164	-103.239
3001308	1830181	-110.379
3001413	1829164	-109.639
3001582	1829861	-91.58
3001413	1829154	-108.83
3000859	1829879	-111.29
3001314	1829289	-105.62
3001402	1830214	-105.209
3001550	1829957	-94.12
3001462	1830176	-102.989
3001496	1829331	-102.199
3001589	1829868	-89.37
3001524	1829262	-104.73
3001537	1829937	-94.73
3001764	1829607	-91.36
3001460	1830159	-104.489
3001532	1829934	-93.839
3001322	1830187	-112.91
3001420	1829278	-105.319
