3014825	1825694	-80.37
3014571	1825496	-82.44
3014820	1825382	-78.099
3014575	1825354	-87.11
3014478	1825381	-89.139
3014699	1824946	-86.199
3014570	1825355	-87.319
3014182	1825201	-95.36
3014567	1825382	-88.959
3014566	1825379	-89.029
3014446	1824941	-91.68
3014525	1825367	-88.419
3014657	1825384	-82.25
3014170	1825214	-95.949
3014627	1825340	-86.72
3014133	1825249	-96.4
3014627	1825501	-86.099
3014812	1825350	-79.47
3014632	1825479	-82.44
3014629	1825340	-89.959
3014563	1825356	-88.22
3014509	1825439	-86.91
3014701	1824955	-86.889
3014728	1825222	-82.68
3014670	1825550	-82.33
3014194	1825190	-94.05
3014186	1825197	-96.25
3014720	1825236	-85.779
3014419	1825568	-83.629
3014755	1825230	-76.48
3014475	1825760	-85.5
3014567	1825356	-88.669
3014695	1824926	-88.11
3014807	1825874	-87.089
3014463	1825386	-91.069
3014625	1825340	-86.699
3014848	1824566	-85.769
3014807	1825873	-87.389
3014202	1825182	-94.86
3014568	1825354	-88.68
3014559	1825357	-88.94
3014555	1825762	-87.01
3014623	1825501	-86.9
3014177	1825205	-96.889
3014556	1825358	-89.16
3014387	1825410	-91.04
3014808	1825378	-79.459
3015317	1825603	-81.66
3014157	1825226	-97.33
3014214	1825169	-96.16
3014570	1825393	-88.43
3014752	1825135	-83.589
3014631	1825506	-87.489
3015027	1825037	-82.54
3014470	1825383	-91.18
3014514	1825512	-83.36
3014210	1825174	-95.86
3014661	1825470	-82.79
3014572	1825405	-85.019
3014529	1825366	-89.989
3014655	1825330	-92.459
3014165	1825218	-97.55
3014707	1825242	-86.97
3014802	1825312	-77.68
3014471	1825525	-83.4
3014571	1825351	-88.959
3014455	1825388	-91.919
3014198	1825186	-95.319
3014545	1825503	-86.059
3014845	1824564	-90.23
3014704	1825255	-86.099
3014399	1825193	-91.959
3014346	1825564	-86.19
3014807	1825374	-80.059
3014599	1825488	-84.639
3014593	1825350	-89.699
3014537	1825363	-89.87
3014206	1825178	-96.08
3015261	1825415	-73.79
3014588	1825351	-89.5
3014807	1825872	-88.599
3014190	1825194	-97.68
3014571	1825013	-83.94
3014805	1825850	-92.029
3014908	1825733	-77.36
3014126	1825256	-98.54
3014483	1825521	-83.569
3014555	1825514	-87.69
3014409	1825571	-85.349
3014818	1825707	-82.489
3014415	1825563	-85.209
3014703	1825248	-86.669
3014409	1825561	-85.41
3014252	1825132	-95.58
3014616	1825092	-91.62
3014360	1825414	-91.089
3014839	1824563	-94.18
3014161	1825222	-98.449
3014888	1825669	-78.9
3014725	1825893	-91.43
3014620	1825510	-87.79
3014727	1825891	-91.669
3014601	1825348	-91.58
3014700	1825542	-85.519
3014806	1825369	-80.739
3014747	1825230	-85.08
3015256	1825431	-81.089
3014649	1825067	-87.83
3014569	1825352	-90.08
3014741	1825972	-91.44
3014798	1825293	-78.809
3014748	1825971	-90.879
3014684	1825463	-82.239
3014149	1825234	-98.949
3014814	1825869	-89.379
3014581	1825493	-85.919
3014626	1825088	-91.839
3014444	1824943	-94.8
3015191	1825681	-84.589
3014591	1825350	-90.319
3014516	1825369	-91.319
3014556	1825765	-88.809
3014853	1824573	-87.58
3014572	1825410	-86.599
3014659	1825553	-84.29
3014777	1825221	-77.08
3014496	1825218	-94.739
3014573	1825342	-89.41
3014757	1825969	-91.849
3014755	1825453	-82.15
3014231	1825152	-97.01
3014825	1825690	-84.15
3014495	1825518	-84.68
3014573	1825354	-90.769
3014554	1825756	-88.97
3014219	1825165	-98.55
3014347	1825129	-95.68
3014731	1825974	-93.43
3014766	1825967	-91.22
3014734	1825973	-93.779
3014630	1825504	-89.41
3014620	1825504	-88.69
3014789	1825268	-76.48
3014604	1825904	-95.15
3015306	1825609	-84.68
3014570	1825024	-84.83
3014775	1824580	-97.849
3014411	1825560	-86.309
3014756	1825200	-78.26
3014558	1826023	-98.22
3014608	1825485	-85.819
3014634	1825085	-88.87
3014459	1825387	-93.589
3014621	1825501	-88.989
3014804	1825322	-78.569
3014411	1825584	-86.76
3015301	1825610	-85.529
3014822	1825389	-82.519
3014632	1825509	-89.669
3014686	1825545	-86.04
3014825	1825686	-84.709
3015262	1825412	-73.87
3014810	1825383	-81.79
3014833	1825716	-85.79
3014821	1825672	-84.58
3014628	1825502	-89.699
3015266	1825423	-81.949
3014572	1825347	-90.489
3014418	1825566	-86.61
3014727	1825975	-93.489
3014821	1825867	-90.01
3014174	1825210	-99.519
3015009	1825072	-77.48
3014410	1825579	-86.97
3014630	1825087	-92.669
3014772	1825734	-86.279
3014744	1825971	-92.36
3014120	1825262	-100.23
3014548	1825736	-87.989
3014614	1825483	-86.069
3014483	1825380	-93.48
3014507	1825372	-92.44
3014417	1825601	-87.18
3014824	1825681	-84.919
3014566	1825497	-87.15
3014706	1825244	-88.87
3014703	1825252	-88.15
3014761	1825898	-90.98
3014611	1825094	-93.319
3014227	1825157	-98.309
3014704	1824965	-90.11
3014620	1825503	-89.41
3014603	1825347	-91.29
3014805	1825852	-93.91
3014411	1825563	-87.019
3014444	1824944	-96.069
3014772	1825253	-77.849
3014424	1825578	-86.97
3014571	1825020	-85.76
3014532	1825364	-91.839
3014644	1826061	-99.61
3014731	1825888	-93.47
3014753	1825211	-78.989
3014750	1825213	-79.04
3015004	1825055	-78.47
3015264	1825409	-73.29
3014822	1825701	-85.01
3015261	1825416	-76.72
3014655	1825379	-85.65
3014349	1825127	-96.639
3014901	1825710	-79.83
3014650	1825088	-88.489
3014703	1825246	-88.76
3014824	1825685	-85.29
3014423	1825395	-92.639
3014294	1825434	-90.55
3014795	1825812	-89.4
3014525	1825523	-86.889
3014614	1825193	-90.199
3014599	1825887	-95.86
3014635	1825013	-91.3
3014218	1825617	-94.54
3014484	1825786	-96.12
3014665	1824870	-90.79
3015261	1825414	-75.519
3014395	1825411	-95.199
3014410	1825399	-92.3
3014760	1825968	-93.3
3014530	1825207	-91.9
3014393	1825411	-95.019
3014636	1825490	-88.76
3014616	1825496	-89.209
3014414	1825398	-92.459
3014706	1825542	-87.809
3015189	1825675	-85.25
3014755	1825145	-86.5
3014433	1825606	-87.58
3014266	1825516	-96.25
3014557	1825773	-90.379
3014389	1825406	-93.459
3014532	1824953	-94.08
3014451	1825390	-94.44
3014486	1825791	-96.4
3014886	1825658	-77.669
3014907	1825727	-79.66
3014814	1825358	-80.48
3014746	1825446	-80.44
3014530	1825507	-88.0
3014648	1826067	-100.029
3014742	1825456	-81.94
3014899	1825705	-80.16
3014635	1825571	-88.61
3014347	1825136	-98.05
3014295	1825439	-91.0
3014809	1825341	-78.199
3014651	1826069	-99.569
3014803	1825358	-79.669
3014611	1825093	-93.97
3014747	1825158	-86.04
3014621	1825342	-92.309
3014697	1825381	-87.58
3014754	1825969	-93.37
3014444	1825647	-88.3
3014412	1825563	-87.849
3014429	1825596	-87.919
3014505	1825440	-91.239
3014779	1825274	-78.26
3014302	1825460	-91.089
3014537	1824952	-94.709
3014705	1825378	-87.459
3014730	1825879	-94.5
3014912	1825742	-80.419
3014568	1825810	-96.089
3015026	1825038	-86.18
3014487	1825797	-96.76
3014017	1825363	-100.94
3014549	1825984	-99.519
3014566	1825807	-95.98
3014596	1825099	-93.279
3014631	1825556	-89.08
3014570	1825812	-96.279
3014831	1825709	-86.959
3014631	1825086	-92.15
3014704	1825245	-89.69
3014606	1825094	-94.11
3014296	1825442	-91.22
3014703	1825249	-89.43
3014145	1825238	-101.209
3014763	1825968	-93.68
3014666	1825469	-86.18
3014426	1825394	-93.569
3014805	1825364	-83.269
3014361	1825559	-89.139
3015024	1825048	-85.05
3014806	1825846	-95.269
3014721	1825977	-94.5
3014578	1825353	-92.76
3014604	1825346	-91.26
3014573	1825340	-89.47
3014662	1825389	-87.819
3014807	1825875	-91.16
3014763	1825233	-79.5
3014248	1825136	-97.949
3014437	1824951	-97.5
3014690	1825544	-87.849
3014331	1825568	-89.87
3014697	1824936	-92.139
3014827	1825697	-86.72
3014539	1825504	-89.18
3014573	1825817	-96.779
3014806	1825852	-95.319
3014751	1825970	-93.58
3014730	1825888	-94.75
3014318	1825572	-90.23
3014609	1825498	-90.23
3014654	1825553	-86.5
3014669	1825903	-95.449
3014240	1825144	-96.75
3014799	1825303	-81.309
3014675	1825466	-86.019
3015049	1825033	-86.739
3014824	1825698	-86.519
3015020	1825043	-84.709
3014675	1825695	-84.83
3014685	1825475	-87.93
3014424	1825554	-88.19
3014351	1825132	-98.75
3014493	1825219	-97.16
3014718	1825321	-88.58
3014408	1824977	-98.5
3014606	1825095	-94.76
3015026	1825046	-86.47
3014411	1824976	-98.61
3015261	1825419	-79.769
3014409	1825573	-88.629
3014555	1825760	-91.29
3015023	1825048	-85.099
3014773	1825737	-90.19
3014805	1825849	-95.459
3014652	1825091	-89.83
3014392	1825412	-96.41
3014824	1825395	-83.55
3014587	1824895	-93.589
3014438	1825624	-88.769
3014660	1825388	-88.089
3014394	1825539	-88.86
3014367	1825571	-89.599
3014584	1825837	-97.97
3014695	1825542	-88.22
3014562	1825007	-86.519
3014826	1825866	-91.61
3014511	1824976	-94.589
3015024	1825038	-86.8
3014571	1825509	-91.669
3014915	1825753	-81.54
3014319	1825585	-94.669
3014466	1825527	-87.44
3014745	1825110	-88.309
3014422	1825575	-88.599
3014756	1825199	-80.559
3014777	1825268	-79.169
3014665	1825241	-88.459
3014821	1825671	-86.589
3014555	1825501	-88.69
3014137	1825246	-101.989
3014556	1826015	-100.54
3014586	1825351	-93.16
3014130	1825252	-102.029
3014580	1825352	-93.22
3014476	1825524	-87.309
3015014	1825086	-79.15
3014620	1825512	-90.959
3014436	1825149	-95.11
3014598	1825884	-97.26
3014571	1825349	-92.79
3015181	1825168	-72.22
3015267	1825426	-81.8
3014057	1825322	-99.9
3014738	1825972	-93.18
3014200	1825622	-99.419
3014803	1825882	-90.83
3014741	1825230	-90.54
3014387	1825405	-94.489
3014752	1825179	-85.089
3014512	1825370	-94.22
3014509	1825514	-87.66
3015263	1825410	-75.199
3014779	1825229	-79.769
3014811	1825391	-83.839
3014387	1825406	-94.699
3014413	1825559	-88.809
3014890	1825678	-82.37
3014787	1825260	-79.19
3014424	1825283	-91.69
3014718	1825978	-95.05
3014618	1825203	-91.819
3014596	1825879	-95.3
3014761	1825452	-84.44
3014893	1825688	-79.989
3014425	1824961	-98.569
3014571	1825399	-89.239
3014408	1825568	-89.11
3014755	1825208	-80.819
3014717	1825238	-91.37
3014724	1825976	-95.55
3014852	1824570	-90.699
3014599	1825629	-89.19
3014714	1825239	-91.489
3014574	1825014	-88.01
3014555	1825754	-91.879
3014745	1825637	-86.18
3014574	1825016	-87.989
3014604	1825907	-97.87
3015028	1825045	-88.239
3014489	1825519	-87.589
3014382	1825488	-95.209
3014582	1825832	-98.41
3014396	1825184	-97.18
3013996	1825382	-103.849
3014304	1825467	-93.069
3014617	1825181	-93.069
3014336	1825567	-90.72
3014421	1825555	-88.98
3014864	1824600	-90.26
3014299	1825453	-92.4
3014582	1825010	-88.58
3014755	1825201	-81.11
3014807	1825855	-96.379
3014904	1825721	-81.459
3014696	1825900	-94.55
3014417	1825558	-89.11
3014496	1825532	-87.76
3014343	1825140	-99.569
3014693	1825901	-94.489
3014679	1825465	-86.519
3014614	1825198	-91.93
3014702	1825457	-81.739
3014678	1825477	-89.11
3014728	1825873	-95.68
3014403	1825406	-96.08
3014359	1825124	-99.69
3014903	1825716	-82.169
3014301	1825457	-92.569
3014829	1825703	-87.989
3014515	1824972	-95.08
3014637	1825477	-88.269
3014355	1825123	-99.05
3014755	1825202	-81.279
3014796	1825818	-93.699
3014388	1825407	-95.489
3014585	1825840	-98.809
3014500	1825217	-95.839
3014409	1825576	-89.61
3015175	1825146	-73.959
3014419	1825556	-89.269
3014730	1825881	-96.029
3014414	1825591	-89.709
3014546	1825971	-95.349
3014621	1825089	-95.389
3014386	1825408	-95.65
3014356	1825560	-90.589
3014431	1825602	-89.55
3014709	1825241	-92.129
3014545	1825731	-89.12
3014398	1825189	-97.18
3014116	1825266	-102.98
3014563	1825800	-97.29
3014527	1825170	-93.419
3014855	1824577	-91.019
3014466	1825384	-96.26
3014714	1825979	-95.309
3014357	1825574	-90.8
3014406	1824981	-98.93
3014666	1825326	-93.55
3014614	1824776	-96.19
3014444	1825141	-96.48
3014765	1825451	-85.04
3014439	1824947	-98.449
3014323	1825061	-96.569
3014656	1825382	-88.51
3015022	1825046	-86.16
3014387	1825407	-95.669
3014877	1824640	-89.91
3014554	1825755	-92.43
3014522	1825211	-95.36
3014560	1825003	-87.65
3014749	1825901	-93.98
3015198	1825661	-85.949
3014808	1825872	-93.12
3014597	1825099	-95.089
3014382	1825133	-99.25
3014605	1825346	-93.12
3014434	1825150	-95.879
3014244	1825140	-98.62
3014595	1825489	-89.489
3015257	1825433	-83.0
3014795	1825284	-79.489
3014626	1825087	-95.47
3014428	1825239	-96.65
3015021	1825042	-86.44
3014663	1825552	-88.12
3014691	1825901	-94.87
3014976	1824970	-82.199
3014649	1825167	-92.93
3014794	1825887	-91.5
3014607	1825345	-92.61
3014601	1825627	-89.949
3014800	1825343	-84.23
3014453	1824933	-93.449
3014616	1825198	-92.62
3014623	1825341	-93.139
3014759	1825454	-86.43
3014411	1825581	-89.989
3014871	1824620	-90.47
3014504	1825515	-88.48
3015021	1825046	-86.01
3014489	1825534	-88.19
3014675	1825902	-96.65
3014746	1825639	-86.949
3014643	1825170	-93.4
3014575	1825819	-98.47
3014576	1826082	-101.949
3015304	1825609	-83.139
3014801	1825353	-81.099
3014660	1825116	-90.919
3014557	1824994	-88.01
3014415	1825596	-90.15
3014526	1825165	-93.55
3014297	1825446	-93.04
3014579	1825823	-98.9
3014541	1825644	-90.569
3014602	1825347	-93.599
3014888	1825667	-80.949
3014492	1825377	-94.9
3014729	1825890	-96.05
3014717	1825318	-90.11
3014425	1825582	-89.889
3014751	1825172	-86.36
3014534	1825506	-90.599
3015021	1825045	-86.279
3014980	1824983	-82.029
3014525	1825509	-89.949
3014612	1825343	-92.169
3014917	1824773	-89.43
3014409	1825566	-90.069
3014680	1825016	-95.779
3014717	1825897	-95.779
3014002	1825375	-104.4
3014352	1825125	-99.54
3014738	1825220	-82.15
3014434	1824952	-99.44
3014236	1825148	-98.279
3014298	1825449	-93.239
3014616	1825941	-93.55
3014679	1825901	-96.819
3014676	1825698	-86.459
3014552	1825641	-90.819
3014344	1825132	-99.47
3014746	1825153	-88.419
3014889	1825672	-84.019
3014627	1825479	-89.019
3014431	1825396	-95.73
3014524	1825211	-96.11
3014646	1826063	-102.75
3014645	1825052	-92.209
3014594	1825640	-92.239
3014703	1825542	-90.22
3014211	1825619	-98.449
3014777	1825756	-93.739
3014521	1825367	-95.25
3014413	1825232	-95.76
3014412	1825587	-90.389
3014603	1825908	-98.739
3014650	1825485	-90.849
3014387	1825409	-96.62
3014892	1825684	-81.019
3014380	1825553	-90.779
3014314	1825166	-99.629
3014440	1824947	-99.12
3014393	1825544	-90.44
3014426	1825586	-90.15
3014698	1825231	-90.93
3014517	1825212	-94.989
3014711	1825227	-90.72
3015023	1825039	-88.04
3014559	1826028	-100.949
3014803	1825839	-96.93
3014889	1825675	-84.139
3014816	1825709	-87.16
3014858	1824585	-91.559
3014757	1825230	-81.69
3014451	1824937	-94.01
3014815	1825869	-93.669
3014456	1825695	-98.75
3014807	1825857	-97.419
3014567	1825011	-88.98
3014673	1825158	-93.699
3014744	1825230	-90.41
3014822	1825677	-88.129
3014755	1825209	-82.029
3014704	1825229	-90.919
3014660	1825328	-94.989
3014659	1825022	-96.139
3014572	1825045	-90.79
3014557	1825766	-93.12
3014423	1824964	-100.099
3015266	1825422	-84.98
3014766	1825236	-81.449
3014787	1825793	-94.319
3014601	1825895	-99.01
3014385	1825409	-96.699
3014611	1825942	-93.72
3015261	1825417	-80.55
3014600	1825890	-98.9
3014885	1825648	-80.389
3014454	1825230	-98.169
3014571	1825402	-90.41
3014383	1825002	-100.319
3014387	1825408	-96.669
3014792	1825276	-80.4
3014673	1824898	-93.75
3014709	1825377	-89.93
3014398	1825403	-96.16
3014581	1825825	-99.699
3014696	1825010	-90.169
3014542	1824956	-93.919
3014576	1825820	-99.239
3014737	1825231	-92.22
3014769	1825966	-94.389
3014860	1824590	-91.75
3014376	1825569	-91.279
3014616	1825091	-96.449
3014723	1825235	-92.54
3014558	1825782	-97.87
3014393	1825541	-90.8
3014529	1825208	-94.91
3014386	1825568	-91.069
3014369	1825017	-99.15
3014796	1825817	-94.879
3014429	1824956	-99.48
3014520	1825211	-95.94
3014767	1825238	-81.699
3014805	1825881	-92.62
3014650	1824814	-91.819
3014674	1825326	-93.139
3014420	1824967	-99.97
3014799	1825884	-92.529
3014650	1826068	-102.629
3014141	1825640	-102.209
3014616	1825342	-92.83
3014339	1825137	-100.019
3014615	1825185	-94.019
3014765	1825234	-81.889
3014443	1825145	-97.489
3014396	1825404	-96.54
3014625	1825766	-96.51
3014602	1825897	-99.489
3015264	1825421	-84.129
3014745	1825148	-89.19
3014551	1824933	-94.76
3015277	1825464	-80.75
3014398	1825409	-98.0
3014672	1824897	-94.01
3014985	1824996	-83.699
3014578	1825821	-99.709
3014366	1825019	-99.19
3014559	1824998	-88.839
3014730	1825889	-97.01
3014802	1825632	-90.4
3014604	1825906	-99.529
3014769	1825240	-81.8
3014767	1825185	-88.16
3014978	1824976	-83.05
3014784	1825252	-81.239
3014700	1825780	-95.4
3014557	1825640	-91.44
3014403	1825206	-95.319
3014734	1824592	-99.43
3014381	1825130	-100.4
3014224	1825161	-102.66
3014675	1825160	-94.61
3014576	1825056	-93.55
3014752	1825176	-87.209
3014573	1826074	-102.51
3014743	1825903	-95.239
3014737	1825152	-88.8
3015252	1825422	-79.709
3014798	1825823	-95.36
3014805	1825878	-93.44
3014771	1825965	-94.26
3014752	1825212	-82.72
3014823	1825678	-88.879
3014994	1825026	-82.879
3014714	1825454	-82.989
3014534	1825432	-93.379
3014473	1825669	-94.94
3014642	1825084	-91.54
3015188	1825668	-87.8
3014886	1825651	-80.989
3014414	1824972	-100.69
3014746	1825902	-95.3
3015029	1825045	-90.099
3014594	1825870	-92.9
3014547	1825643	-91.769
3014635	1825615	-91.69
3014477	1825765	-97.08
3014651	1825333	-94.62
3014330	1825145	-100.36
3014433	1825236	-97.559
3014820	1825667	-88.849
3014723	1825224	-91.33
3014510	1825528	-89.72
3014664	1825482	-91.639
3014482	1825665	-94.26
3014497	1825375	-96.529
3014682	1825546	-90.26
3014612	1825177	-94.43
3014546	1825516	-92.93
3014659	1825387	-90.54
3014792	1825808	-87.54
3014418	1824968	-100.29
3014882	1824655	-91.029
3014833	1825790	-86.87
3014759	1825161	-89.87
3015255	1825429	-84.989
3014637	1825808	-97.25
3014646	1825475	-89.819
3014622	1825525	-93.089
3014713	1824993	-91.18
3014515	1825212	-95.569
3014565	1825804	-99.04
3014548	1825738	-93.73
3014591	1825093	-96.11
3014762	1825169	-88.459
3014594	1825097	-96.279
3014681	1825901	-97.0
3014376	1825011	-100.55
3014502	1825216	-97.18
3014420	1825611	-91.559
3015275	1825463	-80.73
3014733	1825220	-86.339
3014801	1825834	-97.68
3014896	1825695	-82.339
3014391	1825549	-91.569
3014627	1825776	-97.069
3014761	1825231	-82.569
3014570	1826065	-102.58
3014688	1825901	-96.279
3014705	1825257	-92.489
3014800	1825831	-95.069
3014765	1825177	-88.339
3014914	1825748	-83.949
3014733	1825232	-93.059
3014605	1825625	-91.489
3014566	1826051	-102.37
3014436	1825549	-90.83
3014683	1825901	-97.239
3014777	1825752	-94.91
3014505	1825215	-94.91
3015010	1825077	-81.769
3014342	1825134	-100.709
3014731	1825886	-98.04
3014385	1825552	-91.849
3014599	1825097	-97.129
3014601	1825911	-99.65
3014604	1824899	-96.98
3014770	1825244	-82.29
3014706	1825468	-90.059
3014655	1825099	-92.629
3014583	1825835	-100.599
3014425	1825152	-97.05
3014727	1825450	-83.809
3014699	1825470	-90.22
3014641	1825476	-90.11
3015029	1825036	-89.449
3014806	1825847	-98.47
3014731	1825883	-98.029
3014887	1825661	-81.489
3014027	1825353	-105.089
3014555	1826007	-103.209
3015265	1825421	-85.16
3014585	1825848	-100.569
3014794	1825327	-80.959
3014632	1825010	-95.05
3014658	1825329	-97.51
3014678	1825703	-93.199
3014737	1825151	-89.379
3014774	1825740	-94.809
3014721	1825895	-97.23
3015269	1825429	-79.55
3014550	1825988	-102.98
3014703	1825251	-92.739
3014530	1825208	-95.839
3014420	1825267	-98.309
3014310	1825074	-101.389
3014574	1825051	-93.86
3014700	1825160	-96.19
3014671	1825389	-91.669
3014615	1825191	-94.51
3014411	1825230	-96.839
3014568	1826056	-102.739
3014603	1825899	-100.269
3014363	1825120	-100.709
3014378	1825478	-97.519
3014698	1825008	-91.419
3014688	1825462	-86.44
3014586	1825008	-90.75
3014736	1825905	-95.819
3014421	1825616	-91.93
3014585	1824897	-96.629
3014812	1825395	-84.41
3014399	1825548	-91.669
3014749	1825214	-83.41
3014421	1825571	-91.43
3014888	1825664	-81.739
3014430	1824957	-100.569
3014782	1825244	-82.16
3014768	1825894	-95.69
3015021	1825049	-87.419
3014530	1824955	-97.68
3014561	1825797	-99.25
3014862	1825857	-93.209
3014753	1825182	-86.139
3014723	1825333	-91.73
3014577	1825013	-90.699
3014310	1825587	-97.599
3014897	1825700	-83.83
3014515	1825437	-94.339
3014525	1825161	-95.36
3014657	1825553	-89.819
3014400	1825408	-98.709
3014532	1824950	-98.29
3015006	1825063	-82.589
3014757	1825153	-90.61
3014512	1824968	-97.04
3014527	1825202	-96.05
3014621	1825214	-94.319
3014726	1825892	-97.61
3014462	1825716	-101.04
3014667	1825903	-98.9
3014639	1825248	-92.419
3014314	1825070	-101.15
3014721	1825327	-91.83
3014783	1825287	-82.959
3014639	1825084	-92.019
3014775	1825214	-82.87
3014623	1825494	-93.3
3014644	1825025	-96.51
3014728	1825875	-98.05
3014895	1825691	-82.75
3014796	1825808	-89.51
3014676	1825389	-92.26
3014314	1825161	-101.26
3014304	1825470	-95.58
3014664	1825132	-93.16
3014431	1825150	-97.76
3014697	1825982	-96.379
3015263	1825421	-84.76
3014743	1825101	-91.559
3014597	1825862	-93.76
3014489	1825220	-99.739
3014526	1825202	-96.12
3014776	1825748	-95.339
3014636	1825576	-92.559
3014804	1825713	-87.739
3014555	1826011	-103.55
3014809	1825630	-91.959
3014691	1825984	-96.129
3014657	1825484	-92.569
3014434	1825612	-91.93
3014732	1825906	-96.01
3014793	1825576	-91.04
3014460	1825529	-90.72
3014379	1825007	-101.79
3015015	1825091	-81.959
3014570	1825028	-90.22
3014633	1825512	-94.919
3014399	1825564	-92.05
3014880	1824648	-91.93
3014486	1825663	-94.309
3014305	1825080	-102.33
3014729	1825877	-98.389
3014249	1825607	-99.339
3014730	1825152	-93.129
3014713	1825376	-90.19
3014387	1825551	-92.389
3014616	1825208	-94.29
3014652	1825331	-96.529
3014423	1825282	-95.349
3014390	1825412	-99.559
3014570	1825033	-89.379
3014434	1824955	-101.18
3014516	1825206	-95.809
3014775	1825744	-95.48
3014638	1825021	-96.11
3014291	1825593	-98.37
3014604	1825486	-91.419
3014560	1825793	-99.589
3014647	1825086	-92.959
3014391	1825406	-97.989
3014669	1824888	-95.37
3014571	1825414	-92.459
3014629	1825781	-97.97
3014618	1825482	-91.15
3014301	1825085	-102.51
3015022	1825049	-88.169
3014646	1825549	-91.519
3014554	1825752	-94.769
3014528	1825175	-96.26
3014716	1825375	-90.54
3014355	1825128	-102.3
3014772	1825249	-82.86
3014795	1825810	-92.25
3014643	1825045	-93.41
3014613	1825184	-95.18
3015021	1825041	-88.879
3014569	1826060	-103.339
3014781	1825236	-82.779
3014764	1825896	-96.169
3014692	1824963	-94.269
3014891	1825681	-82.879
3014686	1824945	-94.5
3014920	1825990	-97.93
3014333	1825052	-99.37
3014640	1825023	-96.4
3014627	1825005	-95.309
3014358	1825121	-101.849
3015324	1825577	-85.029
3014719	1825323	-92.23
3014758	1825899	-96.169
3014720	1825325	-92.23
3014649	1825552	-90.099
3014571	1825412	-92.62
3014268	1825601	-99.199
3015279	1825465	-79.93
3014428	1825591	-92.11
3014810	1825387	-87.099
3014706	1825798	-97.139
3014376	1825121	-101.58
3014449	1824939	-98.919
3014775	1825262	-82.76
3014427	1825551	-91.809
3014395	1825180	-99.919
3014416	1825401	-97.41
3014497	1825831	-101.279
3014603	1825096	-98.5
3014621	1825520	-94.199
3014387	1825411	-99.19
3014559	1824924	-93.849
3014674	1825389	-92.62
3014294	1825436	-95.419
3014610	1825344	-94.83
3014360	1825119	-100.949
3014374	1825119	-101.58
3014774	1825965	-96.11
3014998	1825037	-83.98
3014848	1825771	-92.239
3014548	1825981	-101.449
3014744	1825142	-90.4
3014512	1825213	-96.18
3014826	1825691	-90.36
3014418	1825606	-92.62
3014473	1825659	-94.419
3014642	1825346	-93.01
3014614	1825189	-95.29
3014337	1825140	-101.809
3014544	1825234	-97.23
3014643	1825349	-92.98
3014669	1825390	-92.33
3014426	1824961	-101.879
3014797	1825886	-94.01
3014442	1825233	-98.669
3014453	1824936	-96.059
3014714	1825897	-98.25
3014730	1825233	-94.199
3015020	1825045	-88.339
3014631	1825240	-91.97
3014591	1825094	-97.26
3014755	1825463	-88.0
3014846	1825781	-89.599
3014615	1825001	-95.16
3014557	1825286	-95.75
3014804	1825842	-99.209
3014379	1825125	-101.94
3014571	1825815	-100.66
3014762	1825452	-87.9
3014377	1825123	-101.839
3014598	1825909	-100.48
3014804	1825843	-99.209
3014639	1825082	-92.79
3014256	1825129	-102.75
3014638	1825171	-95.98
3014439	1825548	-91.879
3014661	1825121	-93.37
3014609	1825624	-92.76
3014755	1825204	-84.26
3014681	1824930	-95.15
3014555	1825425	-94.33
3014848	1825776	-91.62
3014774	1825258	-83.139
3014603	1825901	-101.22
3014527	1825210	-96.68
3014648	1824811	-93.629
3014583	1825352	-96.98
3015023	1825049	-88.919
3014306	1825477	-96.379
3014588	1825869	-94.29
3014556	1824990	-90.699
3014553	1826003	-104.209
3014515	1825885	-101.319
3014582	1824900	-97.379
3014599	1825098	-98.25
3014468	1824964	-97.05
3014443	1825229	-98.959
3014543	1825225	-97.139
3014742	1825218	-84.529
3015007	1825067	-83.33
3015252	1825425	-83.22
3014634	1825515	-95.58
3014673	1825689	-88.849
3014446	1825233	-99.16
3014427	1825396	-98.01
3014721	1825155	-97.389
3014577	1826086	-104.65
3014622	1825480	-91.5
3014786	1825298	-83.73
3014408	1825404	-99.04
3014425	1825553	-92.29
3014558	1825287	-96.059
3014727	1825153	-95.54
3014601	1825501	-94.089
3014402	1825202	-97.8
3014589	1825866	-94.44
3014505	1824974	-98.339
3014430	1825238	-99.41
3014360	1825026	-101.519
3014924	1824798	-91.41
3014729	1825594	-94.22
3014020	1825359	-106.069
3014969	1824948	-85.739
3014560	1825789	-100.01
3014363	1825573	-93.75
3014023	1825356	-106.269
3014778	1825761	-96.22
3014712	1825897	-98.55
3014653	1825095	-93.87
3014541	1825221	-97.239
3014677	1825701	-92.83
3014544	1824960	-96.11
3014856	1824581	-94.08
3014453	1825682	-100.949
3014517	1825525	-91.559
3014668	1825903	-99.819
3014719	1825374	-91.459
3014647	1825025	-98.129
3014754	1825459	-88.33
3015261	1825418	-83.48
3014509	1824971	-98.25
3014638	1825617	-93.66
3014711	1825240	-95.199
3014636	1826039	-104.589
3014749	1825445	-85.519
3014319	1825066	-99.839
3014404	1825211	-96.959
3014554	1825758	-95.47
3014802	1825835	-99.339
3014392	1825158	-97.04
3014639	1826048	-104.839
3014552	1824980	-92.9
3014655	1825023	-98.58
3014839	1825863	-94.769
3015262	1825419	-84.37
3014720	1825849	-98.18
3014797	1825820	-97.12
3014405	1825075	-99.11
3014734	1825152	-91.79
3014640	1826050	-104.959
3014533	1825192	-97.68
3014594	1825503	-93.94
3014749	1825163	-89.08
3014272	1825599	-99.599
3014547	1824936	-96.75
3014650	1824818	-94.059
3014530	1825205	-97.25
3014466	1825226	-98.33
3014683	1825387	-93.16
3014669	1825019	-98.58
3014722	1825373	-91.839
3015032	1825044	-91.879
3014506	1825098	-96.029
3014418	1825253	-99.97
3014292	1825094	-103.01
3015253	1825427	-84.849
3014381	1825132	-102.3
3014447	1825391	-99.36
3014570	1825396	-95.489
3014635	1826036	-104.639
3014615	1825203	-95.36
3014085	1825296	-105.75
3014568	1824915	-95.279
3014374	1825555	-93.589
3014806	1825876	-95.68
3014643	1825080	-93.68
3014642	1826056	-105.199
3014686	1825901	-97.849
3014819	1825665	-90.629
3014423	1825280	-97.86
3014634	1825799	-98.87
3014474	1825224	-98.319
3014450	1825231	-100.05
3014675	1825017	-98.54
3014918	1825759	-86.0
3014889	1824679	-93.419
3014798	1825338	-84.029
3014672	1825324	-94.36
3014340	1825579	-94.61
3014557	1825779	-97.94
3014634	1825249	-93.69
3014670	1825327	-95.459
3014686	1825014	-98.569
3014452	1825677	-101.279
3014755	1825462	-88.589
3014645	1825084	-93.8
3014656	1825104	-94.16
3014405	1825215	-97.48
3014320	1825164	-103.669
3014643	1825488	-94.04
3014530	1825209	-97.339
3014739	1825126	-91.379
3014550	1824976	-95.9
3014581	1825827	-102.15
3014421	1825244	-100.709
3014800	1825349	-85.72
3014626	1825771	-98.809
3014582	1825830	-102.23
3014434	1825394	-98.819
3014583	1825634	-93.41
3014658	1825386	-92.459
3014751	1825901	-97.23
3014527	1825674	-93.599
3014461	1825228	-98.769
3014455	1825689	-101.36
3015023	1825047	-89.76
3014781	1825280	-83.3
3014694	1825983	-97.54
3014665	1825904	-100.18
3014683	1824938	-95.55
3014463	1825664	-94.8
3014339	1825144	-103.41
3014393	1825565	-93.41
3014603	1825910	-101.629
3014887	1824671	-93.55
3014756	1825197	-85.0
3014982	1824990	-84.97
3014958	1824909	-89.379
3014755	1825205	-84.959
3014796	1825588	-92.519
3014629	1825492	-94.569
3014659	1824846	-95.089
3014663	1825127	-94.04
3014755	1825203	-85.0
3014487	1825378	-97.739
3014552	1825999	-104.839
3014684	1825163	-97.72
3014864	1825856	-92.379
3014646	1825078	-94.4
3014860	1825857	-95.05
3014671	1825468	-91.11
3014667	1825390	-93.089
3014788	1825304	-84.309
3014981	1825971	-97.919
3014650	1825366	-93.949
3014590	1825090	-98.22
3014328	1825056	-100.41
3014523	1825203	-97.43
3014719	1825896	-98.989
3014996	1825031	-85.12
3014963	1825977	-96.68
3014591	1825091	-98.279
3014756	1825198	-85.12
3014272	1825513	-100.44
3014494	1824989	-98.69
3014780	1825770	-96.98
3014387	1825509	-99.08
3014529	1825209	-97.569
3014386	1825097	-102.879
3014584	1825011	-92.65
3014502	1825373	-98.75
3014690	1824956	-95.599
3014775	1825721	-87.62
3014603	1825903	-101.989
3014600	1824895	-98.66
3014722	1825855	-98.889
3014756	1825193	-85.22
3014600	1825911	-101.51
3014799	1825600	-92.86
3014663	1825327	-97.62
3014590	1825490	-93.099
3014675	1825162	-97.239
3014660	1825243	-93.22
3014665	1825136	-94.94
3014679	1824921	-96.23
3014793	1825322	-84.809
3014779	1825765	-96.959
3014668	1825145	-95.55
3014697	1825459	-85.889
3014808	1825712	-89.51
3015278	1825463	-83.44
3014352	1825031	-101.93
3014428	1825234	-99.459
3014618	1825341	-95.169
3014529	1825204	-97.779
3014586	1825845	-102.69
3014981	1825973	-97.879
3014438	1825306	-98.29
3015278	1825465	-81.849
3014694	1825382	-92.809
3014594	1825643	-95.79
3014729	1825047	-94.37
3014914	1825987	-99.73
3014579	1825067	-96.639
3014761	1825441	-86.33
3014651	1825025	-99.559
3014735	1825147	-91.279
3014520	1825510	-92.839
3014572	1825337	-93.76
3014629	1825007	-96.779
3014791	1825570	-92.529
3014224	1825615	-100.849
3014424	1825234	-99.44
3014539	1825518	-94.569
3014807	1825858	-100.599
3014688	1824948	-95.889
3014499	1825071	-97.44
3014425	1825241	-100.66
3014602	1825095	-99.529
3014485	1825221	-100.29
3014729	1825353	-88.43
3014724	1825340	-93.41
3014419	1825251	-100.79
3015263	1825420	-85.97
3014800	1825832	-97.69
3014956	1824901	-89.949
3014813	1825710	-90.04
3014591	1825006	-92.629
3014428	1825152	-99.319
3014408	1825569	-93.589
3014497	1824990	-99.129
3014973	1824962	-86.199
3014546	1824968	-96.75
3014774	1825437	-85.0
3014642	1825343	-94.379
3015212	1825268	-72.33
3014991	1825015	-85.889
3014706	1825456	-85.83
3014452	1825544	-92.73
3015265	1825408	-79.389
3014725	1825372	-92.599
3014478	1825223	-99.339
3015024	1825047	-90.599
3014544	1825229	-98.459
3014671	1825479	-93.69
3014557	1826019	-105.459
3014468	1825670	-97.599
3014589	1825088	-98.4
3014959	1824916	-89.209
3014543	1825722	-93.089
3014600	1825892	-102.059
3014323	1825161	-103.61
3014713	1825290	-94.339
3014799	1825827	-96.93
3014628	1824734	-103.059
3014608	1825002	-95.83
3014530	1825179	-98.139
3014648	1825333	-96.22
3014783	1825779	-97.459
3014910	1825737	-85.9
3014410	1825564	-93.599
3014910	1824750	-93.48
3014718	1825552	-94.87
3014756	1825194	-85.559
3014370	1825114	-102.83
3014793	1825813	-95.41
3014656	1825472	-92.089
3014614	1825343	-96.309
3015266	1825424	-89.449
3014644	1825248	-94.449
3014808	1825860	-100.79
3014968	1825979	-97.68
3014979	1825968	-98.72
3014967	1824940	-87.0
3014314	1825586	-99.65
3014550	1825991	-105.209
3014565	1826046	-102.36
3014796	1825631	-92.949
3014648	1825075	-95.26
3014425	1825285	-96.239
3014921	1825769	-88.599
3014579	1824903	-97.68
3014724	1825029	-95.05
3014612	1825003	-96.22
3014436	1825304	-98.4
3014538	1825431	-96.129
3014602	1825138	-97.91
3014356	1825029	-102.529
3014923	1825773	-91.98
3014755	1825206	-85.55
3014721	1825563	-95.019
3014588	1825086	-98.4
3014425	1825287	-96.419
3014701	1825379	-93.36
3014717	1825151	-97.389
3014729	1825907	-97.889
3014637	1825812	-99.879
3014235	1825612	-101.58
3014417	1825397	-98.879
3014619	1825209	-96.43
3014373	1825014	-102.47
3014396	1825410	-101.25
3014555	1824928	-97.269
3015252	1825423	-83.319
3014754	1825210	-85.62
3014611	1825170	-96.569
3014705	1825259	-95.01
3015030	1825036	-91.94
3014670	1825152	-96.65
3014509	1825214	-97.379
3014377	1825112	-103.769
3014793	1825631	-92.959
3014725	1825344	-91.519
3014755	1825459	-89.639
3014379	1825107	-104.019
3014555	1825959	-98.269
3014578	1825062	-96.819
3014392	1825549	-94.22
3014434	1825303	-98.449
3014395	1825176	-100.58
3014546	1825975	-102.23
3014629	1826010	-97.669
3015022	1825040	-91.239
3014603	1825145	-95.879
3014836	1825726	-93.22
3014712	1825543	-94.839
3014609	1825164	-95.97
3014381	1825568	-94.54
3014594	1825874	-95.86
3014798	1825594	-93.41
3014421	1825154	-99.419
3014786	1825444	-88.58
3014366	1825118	-102.739
3014561	1826033	-100.709
3014630	1825250	-94.68
3014508	1825104	-97.12
3014969	1825979	-98.069
3014676	1825162	-98.019
3014729	1825367	-92.18
3014404	1825546	-93.959
3014302	1825505	-101.55
3014977	1825967	-98.79
3015268	1825427	-85.11
3014792	1825716	-89.19
3014843	1825754	-93.709
3014616	1825623	-94.5
3014682	1825161	-98.059
3014634	1826033	-105.739
3014724	1825337	-94.089
3014470	1825669	-97.18
3014380	1825129	-103.51
3014795	1825815	-98.129
3014716	1825315	-94.19
3014679	1825706	-97.589
3014478	1825666	-95.86
3014679	1825388	-94.449
3014674	1825902	-100.949
3014643	1826059	-106.459
3014965	1825977	-97.699
3014784	1825784	-97.919
3014482	1825221	-100.41
3014737	1825150	-92.04
3014736	1825152	-91.9
3014760	1824584	-105.5
3014389	1825514	-96.809
3014315	1825166	-103.68
3014531	1825183	-98.949
3014405	1825076	-100.43
3014683	1824931	-96.919
3014714	1825823	-99.4
3014669	1825149	-96.65
3014953	1824893	-90.669
3014802	1825838	-100.66
3014940	1825986	-99.43
3014442	1825532	-93.389
3014719	1825012	-95.37
3014553	1825750	-96.83
3014545	1824964	-97.51
3014710	1825455	-86.309
3014407	1825562	-94.19
3014386	1825551	-94.61
3014394	1825534	-94.33
3014688	1825984	-98.339
3014649	1825246	-94.599
3014546	1825969	-97.599
3014731	1825885	-100.809
3014337	1825047	-101.47
3014466	1824921	-101.169
3014348	1825576	-95.569
3014678	1825324	-96.19
3015268	1825407	-80.65
3014537	1825205	-98.98
3014812	1825799	-89.629
3014648	1825058	-96.629
3014560	1825499	-94.269
3014823	1825867	-97.25
3014581	1825012	-93.48
3014697	1825009	-94.01
3014414	1825156	-99.389
3014523	1825435	-96.8
3014978	1825968	-99.15
3014302	1825463	-97.379
3014755	1825900	-98.33
3014794	1825583	-93.489
3014915	1824765	-93.849
3014642	1825025	-98.72
3014502	1825082	-98.12
3014574	1826079	-106.339
3014390	1825160	-98.41
3014674	1825549	-93.089
3014310	1825490	-98.97
3014635	1825084	-94.83
3014614	1825725	-99.739
3014832	1825864	-97.059
3015001	1825046	-85.79
3014938	1825987	-99.51
3014613	1825624	-94.75
3014805	1825879	-96.639
3014751	1825641	-91.559
3014322	1825571	-96.08
3014808	1825857	-101.61
3014695	1825161	-98.98
3014666	1824879	-97.86
3014820	1825705	-91.8
3014415	1825233	-100.069
3014554	1824986	-92.589
3014934	1824833	-92.209
3014310	1825492	-99.319
3014547	1825978	-101.51
3014595	1825877	-98.309
3014725	1825908	-98.3
3014771	1825728	-89.26
3014707	1825980	-99.589
3014691	1825162	-99.029
3014492	1825215	-99.54
3014805	1825880	-96.529
3014797	1825822	-98.68
3014764	1825440	-87.279
3014721	1825021	-95.769
3014239	1825610	-101.949
3014589	1824893	-99.279
3014264	1825602	-101.43
3014750	1825168	-90.91
3014768	1825449	-89.37
3014805	1825618	-94.309
3014720	1825559	-95.65
3014721	1825852	-99.949
3014810	1825635	-94.58
3014636	1826004	-97.949
3014443	1825641	-94.699
3013999	1825379	-108.91
3014726	1825868	-100.43
3014523	1825660	-96.33
3014637	1825017	-98.629
3014723	1825894	-100.23
3014617	1824949	-99.129
3014275	1825513	-101.73
3014620	1825003	-97.459
3014525	1825666	-95.269
3014686	1825385	-93.589
3014312	1825163	-103.75
3014793	1825442	-88.889
3014398	1825083	-100.319
3015280	1825466	-80.779
3014737	1825619	-96.519
3014603	1825003	-96.319
3014448	1824938	-100.709
3014586	1825852	-99.599
3014491	1824987	-99.739
3014785	1825292	-85.76
3014641	1826053	-106.739
3014558	1825291	-97.72
3014553	1825749	-97.19
3014785	1825552	-93.36
3014474	1825755	-95.37
3014773	1825207	-85.8
3014455	1824936	-98.22
3014644	1825351	-95.199
3014791	1825316	-84.489
3014790	1825565	-93.569
3014920	1824782	-93.75
3014634	1825015	-98.459
3014642	1825832	-100.809
3014612	1824926	-99.76
3014444	1825143	-101.37
3014543	1824958	-97.949
3014550	1825502	-94.379
3014423	1825242	-101.87
3014688	1825162	-99.059
3014451	1825226	-99.019
3014524	1825202	-98.809
3014377	1825106	-104.449
3014713	1825312	-94.589
3014335	1825148	-103.779
3014588	1825868	-96.339
3014491	1824986	-99.87
3014396	1825565	-94.819
3014704	1825899	-100.139
3014669	1825325	-96.15
3014442	1825146	-101.279
3014735	1825609	-96.629
3014810	1825866	-99.139
3014809	1825638	-94.65
3014559	1825424	-96.379
3014571	1825039	-91.94
3014748	1825119	-94.089
3014711	1825280	-95.529
3014637	1825027	-98.319
3014690	1825384	-93.709
3014420	1825399	-99.73
3014456	1825225	-99.599
3014484	1825020	-101.529
3014393	1825159	-98.849
3014780	1825529	-93.5
3014780	1825891	-96.629
3014689	1825013	-98.01
3014725	1825866	-100.589
3014685	1825322	-96.489
3014671	1825686	-90.91
3014391	1825156	-98.94
3014532	1825521	-95.05
3014829	1825865	-97.519
3014510	1825109	-97.01
3014563	1824920	-96.699
3014371	1825570	-95.519
3015274	1825456	-79.54
3014563	1825958	-98.62
3014642	1825609	-93.41
3014639	1824782	-95.379
3014426	1825292	-97.709
3014586	1826117	-107.44
3014774	1825448	-89.72
3014731	1825884	-101.33
3014664	1825389	-94.4
3014745	1825216	-86.61
3014537	1825646	-95.3
3014771	1825438	-86.68
3014439	1825230	-100.75
3014461	1825712	-103.389
3014564	1826042	-99.629
3014657	1824844	-96.58
3014782	1825774	-98.489
3014393	1825171	-99.849
3014404	1824993	-103.319
3014740	1825904	-99.099
3014589	1825862	-97.319
3014697	1825316	-95.379
3014608	1825004	-96.879
3014796	1825716	-90.16
3014439	1825234	-101.11
3014628	1825174	-98.51
3014593	1825872	-96.629
3014690	1824958	-96.97
3014773	1825722	-89.489
3014922	1824790	-93.739
3014593	1825112	-99.18
3014380	1825105	-104.589
3014667	1825140	-96.65
3014477	1825218	-100.629
3014789	1825310	-84.58
3014395	1825160	-99.05
3014730	1825096	-93.62
3014526	1825670	-95.3
3014310	1825488	-99.19
3014446	1825306	-99.849
3014869	1825584	-86.68
3014973	1825971	-99.22
3014704	1825004	-95.29
3014535	1824952	-101.559
3014812	1825869	-98.5
3014710	1825979	-100.169
3014341	1825043	-100.76
3014627	1825619	-95.47
3014786	1825789	-98.8
3014711	1825028	-94.9
3014836	1825864	-97.169
3014458	1825229	-100.69
3014314	1825162	-104.419
3014559	1825785	-102.169
3014634	1826005	-98.41
3014409	1824978	-104.94
3014632	1825795	-98.489
3014965	1824932	-88.37
3014710	1825542	-95.44
3014810	1825861	-101.309
3014536	1824946	-100.059
3014633	1824754	-101.26
3014727	1825370	-93.55
3014771	1825726	-89.72
3014807	1825624	-94.91
3014470	1825226	-100.55
3014516	1825654	-96.319
3014390	1825567	-95.239
3014752	1825443	-87.51
3015316	1825390	-80.65
3014030	1825350	-107.55
3014624	1825621	-95.47
3014175	1825629	-105.739
3015144	1825048	-83.459
3014678	1825322	-96.139
3014808	1825859	-102.139
3014377	1825115	-104.66
3014009	1825369	-109.08
3014534	1825196	-99.76
3014645	1825334	-96.839
3014670	1824889	-98.309
3014446	1825653	-95.37
3014754	1825641	-92.29
3014640	1825611	-94.4
3014377	1825119	-104.51
3014708	1825311	-94.639
3014393	1825167	-98.099
3014589	1825875	-96.75
3014612	1825001	-97.5
3014532	1825187	-99.93
3014504	1825652	-96.209
3014674	1824905	-98.12
3014440	1825629	-95.16
3014405	1824983	-104.059
3014617	1825621	-95.449
3014738	1825120	-93.54
3014447	1825228	-101.819
3014678	1825547	-93.98
3014604	1824906	-100.29
3014403	1824983	-103.87
3014436	1825235	-101.43
3014540	1825217	-99.62
3014406	1825400	-100.37
3014799	1825805	-91.23
3014495	1824983	-100.68
3014796	1825333	-84.4
3014701	1825899	-100.43
3014596	1825864	-96.949
3014649	1825071	-96.889
3014598	1824893	-100.25
3014419	1825248	-102.419
3014616	1824950	-99.519
3014491	1825662	-97.319
3014392	1825164	-99.129
3014853	1825859	-95.709
3014470	1824917	-102.12
3014517	1825133	-97.779
3014382	1825102	-104.73
3014551	1825253	-94.58
3015275	1825459	-82.48
3014374	1825110	-104.699
3014987	1825002	-87.8
3014598	1825004	-94.69
3014925	1825838	-94.209
3014467	1825670	-98.809
3014681	1825163	-99.449
3014732	1825152	-95.419
3014444	1825306	-100.08
3014488	1825031	-98.279
3014564	1825009	-92.87
3014648	1825063	-97.209
3014719	1825555	-96.319
3014826	1825400	-87.599
3014858	1825858	-96.709
3014312	1825164	-104.339
3014310	1825498	-100.41
3014873	1824626	-95.599
3014364	1825426	-101.169
3014700	1825007	-95.18
3014737	1825149	-93.08
3014733	1825065	-95.58
3014693	1825460	-87.79
3014658	1825110	-96.139
3014620	1825622	-95.69
3014813	1825399	-84.949
3015217	1825282	-73.37
3014652	1824821	-96.48
3014818	1825868	-98.459
3014767	1825439	-87.01
3014851	1826013	-100.23
3014717	1825316	-95.349
3014508	1824980	-101.33
3014670	1825240	-94.55
3014776	1825892	-96.889
3014458	1824936	-98.849
3014701	1825785	-99.9
3014834	1825721	-94.279
3014621	1825515	-97.269
3014642	1825039	-96.04
3014528	1825209	-99.419
3014915	1825988	-101.68
3014384	1825099	-105.029
3014808	1825800	-90.769
3014377	1825122	-104.65
3014661	1824862	-98.239
3014388	1825094	-104.459
3014810	1825863	-101.11
3014608	1824918	-100.4
3014553	1825751	-97.9
3015033	1826030	-104.16
3014636	1825617	-96.08
3014810	1825862	-101.389
3014728	1825369	-93.75
3014460	1824937	-98.94
3014679	1825162	-99.349
3014589	1825872	-97.019
3014535	1825201	-100.0
3014754	1825185	-87.29
3014382	1825552	-95.779
3014637	1826042	-107.15
3014787	1825889	-97.099
3014947	1824876	-92.059
3014727	1825148	-93.33
3014426	1825291	-98.209
3014640	1824786	-96.029
3014680	1825321	-96.339
3014731	1825599	-96.949
3014408	1825072	-102.97
3014849	1825515	-87.43
3014313	1825165	-104.639
3014463	1824946	-99.319
3014477	1824996	-102.3
3014625	1824981	-99.19
3014296	1825089	-105.68
3014324	1825584	-101.309
3014688	1824952	-97.62
3014722	1825330	-95.43
3014724	1825576	-96.54
3014971	1824955	-88.199
3014583	1826106	-107.9
3014797	1825958	-98.83
3014700	1824987	-95.099
3014454	1825304	-99.94
3014586	1825492	-95.33
3014681	1825922	-99.58
3014340	1825565	-96.73
3014544	1824940	-99.459
3014465	1825670	-98.599
3014805	1825877	-98.04
3014591	1825095	-100.19
3014408	1825222	-99.919
3014462	1824941	-99.19
3014378	1825125	-104.79
3014527	1824957	-99.47
3014463	1825668	-96.25
3014648	1825332	-98.029
3014540	1824943	-99.029
3014736	1825614	-97.419
3014416	1825564	-95.269
3014581	1825267	-96.639
3015279	1825466	-82.319
3014493	1824988	-100.76
3015012	1825082	-85.72
3014681	1824923	-98.379
3014698	1825900	-100.73
3014668	1825163	-98.589
3014734	1825604	-97.319
3014380	1825103	-104.989
3014756	1825195	-87.309
3014593	1825096	-100.44
3014694	1825157	-99.15
3014711	1825284	-96.209
3014942	1824859	-92.69
3014704	1825159	-100.11
3014670	1825902	-102.669
3014326	1825149	-103.44
3014549	1825739	-98.019
3014680	1825237	-95.41
3015063	1825036	-94.61
3014418	1825259	-102.36
3014636	1825021	-99.339
3014557	1825776	-98.3
3014619	1825217	-96.62
3014771	1825731	-90.449
3014675	1825323	-96.819
3014332	1825152	-104.0
3014644	1825337	-96.79
3014799	1825631	-94.879
3014558	1825288	-98.83
3014622	1825253	-95.709
3014771	1825200	-86.91
3014841	1825746	-95.059
3014595	1825116	-99.879
3014694	1824978	-94.94
3014613	1825623	-95.94
3014329	1825156	-104.589
3014432	1825233	-101.529
3014597	1825881	-103.599
3014736	1825074	-95.87
3014513	1825652	-96.669
3014713	1825465	-90.949
3014705	1825262	-96.529
3014629	1825241	-95.129
3014708	1825914	-98.97
3014329	1825582	-99.849
3014528	1825203	-99.91
3014758	1825467	-91.43
3014847	1825779	-93.43
3014550	1825740	-98.129
3014422	1825277	-102.169
3014676	1824913	-98.55
3014597	1825631	-95.73
3014418	1825256	-102.559
3014631	1825238	-94.93
3014436	1825618	-95.68
3014664	1825905	-102.41
3014692	1825232	-96.309
3014411	1825069	-103.879
3014892	1824686	-96.129
3014652	1824826	-97.0
3014755	1825207	-87.339
3014464	1825721	-104.3
3014518	1825138	-98.699
3014622	1824995	-98.069
3014623	1825176	-99.58
3014706	1825312	-95.129
3014735	1825109	-94.29
3014353	1825575	-96.879
3014842	1825786	-91.62
3014428	1825551	-95.22
3014616	1824943	-100.529
3014711	1825816	-100.779
3014916	1825988	-102.22
3014458	1824935	-99.269
3014400	1825081	-103.589
3014741	1825131	-93.959
3014592	1825264	-96.73
3014689	1825319	-96.65
3014637	1825579	-96.4
3014811	1825868	-99.62
3014769	1825637	-93.61
3014511	1825654	-97.059
3014999	1825041	-87.19
3014446	1825546	-94.94
3014591	1824893	-100.23
3014605	1824912	-100.809
3014636	1825519	-98.68
3014724	1825861	-101.559
3014397	1825549	-95.83
3014670	1825683	-91.889
3014447	1825659	-96.18
3014810	1825867	-99.959
3014784	1825546	-94.54
3015094	1824474	-98.099
3015046	1825034	-93.959
3014435	1825232	-101.68
3014809	1825860	-102.639
3014924	1825990	-101.269
3014813	1825869	-99.3
3014664	1824863	-98.779
3014419	1825264	-102.529
3014604	1825005	-97.559
3014518	1824967	-97.489
3014441	1825635	-95.959
3014790	1825804	-91.889
3014761	1825639	-93.37
3014600	1824893	-101.169
3014842	1825862	-97.209
3014685	1825985	-99.809
3014817	1825658	-87.9
3014748	1825640	-92.889
3014530	1825206	-100.16
3014418	1825065	-102.959
3014466	1825725	-104.47
3015137	1825021	-85.309
3014662	1825908	-102.05
3014886	1825655	-85.73
3014656	1825166	-99.01
3014874	1824633	-96.139
3014691	1824966	-94.779
3014530	1825433	-98.239
3014781	1825534	-94.589
3014587	1825854	-99.419
3015196	1825652	-90.73
3014992	1825020	-87.879
3014816	1825868	-99.319
3014962	1825978	-99.15
3014528	1824953	-101.879
3014464	1824951	-100.0
3014620	1825507	-98.05
3014686	1825736	-99.55
3014459	1824937	-99.55
3014589	1825010	-95.12
3014630	1825241	-95.5
3014594	1825868	-97.73
3014777	1825634	-94.16
3014695	1825318	-96.98
3014588	1826124	-108.69
3015038	1825035	-94.04
3014614	1824943	-100.519
3014631	1825786	-97.819
3014670	1825925	-100.319
3014643	1825341	-96.879
3014314	1825574	-97.769
3014694	1824971	-95.04
3014706	1825265	-96.87
3014628	1826011	-99.629
3014392	1825528	-96.029
3014455	1825530	-94.849
3014588	1826128	-108.699
3014523	1825151	-99.76
3015188	1825198	-77.889
3014821	1825438	-87.569
3014524	1825663	-97.48
3014939	1825988	-100.9
3015047	1825040	-95.0
3014577	1825635	-96.099
3014651	1825369	-96.629
3014423	1825623	-96.349
3014736	1825150	-93.779
3014639	1825531	-98.889
3014708	1825154	-99.65
3014781	1825446	-90.819
3014624	1824992	-98.309
3014686	1824940	-98.529
3015017	1825097	-85.839
3015219	1825289	-73.86
3014417	1825155	-101.199
3014588	1825859	-99.389
3014755	1825461	-91.589
3014661	1824855	-97.98
3015037	1825043	-95.099
3014496	1825060	-100.0
3014755	1825190	-87.919
3014599	1825127	-100.319
3014595	1825865	-97.879
3014722	1825149	-97.349
3014380	1825127	-105.54
3014493	1824986	-101.41
3014513	1825118	-97.66
3014659	1825916	-100.169
3014712	1825157	-100.669
3014633	1826029	-105.65
3014908	1824742	-96.089
3014503	1825088	-99.669
3014701	1825155	-99.65
3014714	1825312	-96.11
3014270	1825116	-102.569
3014682	1825323	-98.0
3014878	1825615	-89.55
3014550	1825743	-98.629
3014630	1825242	-95.86
3014653	1825627	-97.8
3014715	1825314	-96.15
3014467	1825735	-104.699
3014664	1825020	-101.75
3014785	1825632	-94.73
3014655	1825245	-96.12
3014689	1825321	-97.879
3014411	1825157	-101.05
3014661	1825909	-102.19
3014648	1825550	-96.04
3014724	1825154	-99.209
3014781	1825633	-94.559
3014989	1825009	-88.569
3015309	1825392	-81.62
3014789	1825798	-95.36
3014468	1825221	-101.11
3014624	1825530	-98.05
3014743	1825137	-94.309
3014714	1825546	-97.08
3014734	1825146	-93.879
3014624	1825003	-99.12
3014427	1825293	-99.19
3014983	1825976	-100.3
3014736	1825151	-93.93
3015259	1825436	-84.459
3014394	1825087	-103.86
3014757	1825466	-91.91
3014591	1825880	-101.12
3014426	1825290	-98.98
3014980	1825970	-100.919
3014419	1825261	-103.029
3014442	1825306	-101.099
3014686	1825235	-96.54
3015221	1825293	-73.9
3014628	1825618	-96.8
3014620	1825178	-100.519
3014493	1825049	-100.279
3014807	1825331	-86.08
3014526	1825210	-100.279
3014495	1824990	-101.599
3014396	1825160	-100.43
3014730	1825056	-96.72
3014530	1825680	-95.33
3014617	1825002	-99.05
3014627	1825540	-94.9
3014609	1825703	-93.94
3014499	1824989	-101.959
3014327	1825569	-97.819
3014300	1825505	-103.639
3014980	1825969	-101.08
3014712	1825311	-96.169
3014482	1825218	-102.68
3014663	1825906	-102.86
3014594	1825637	-98.129
3014647	1825333	-98.569
3014423	1825539	-95.9
3014567	1825637	-96.33
3014607	1825158	-97.639
3014662	1825164	-99.33
3014642	1824783	-96.94
3014492	1824987	-101.559
3014929	1824815	-94.589
3014671	1826066	-107.199
3014756	1825457	-92.16
3014594	1825646	-97.099
3015184	1825654	-91.36
3014726	1825038	-97.3
3014727	1825871	-102.47
3014809	1825870	-99.97
3014460	1825223	-101.04
3014468	1825659	-98.37
3014926	1825837	-95.48
3014715	1825313	-96.389
3014709	1825312	-95.989
3014632	1826006	-99.87
3014809	1825861	-102.839
3014483	1825014	-103.319
3014759	1825441	-88.849
3014686	1825920	-100.48
3014229	1825613	-103.819
3014848	1825773	-96.209
3014880	1825623	-89.919
3014817	1825659	-88.43
3014713	1825152	-99.87
3014716	1825549	-97.389
3014367	1825117	-105.129
3014640	1825840	-98.639
3014683	1825320	-97.26
3014465	1824955	-100.66
3014283	1825510	-104.05
3014967	1825978	-100.19
3014594	1825100	-101.239
3014772	1825723	-91.099
3014659	1824852	-98.339
3014707	1825802	-101.379
3014527	1825921	-105.44
3014436	1825305	-101.11
3014433	1825302	-100.739
3014614	1824938	-101.269
3014944	1825986	-101.459
3014609	1824916	-101.779
3014640	1825933	-100.23
3014595	1825633	-97.309
3014735	1825152	-94.209
3014486	1825025	-100.809
3014466	1825730	-105.019
3014758	1825455	-92.61
3014654	1824829	-97.889
3014969	1825980	-100.489
3014429	1825294	-99.599
3014602	1824897	-101.889
3015179	1825164	-79.989
3014712	1825287	-97.16
3014497	1825066	-100.41
3014716	1825002	-97.0
3014714	1825036	-96.44
3014618	1825000	-99.22
3014678	1824914	-99.55
3014620	1824997	-99.01
3014600	1825132	-100.66
3014466	1825659	-98.559
3014731	1825883	-103.05
3014912	1825985	-102.419
3014344	1825578	-97.91
3014704	1825793	-101.3
3014390	1825550	-96.8
3014631	1825618	-97.199
3014723	1825858	-102.15
3014334	1825142	-105.889
3015155	1825088	-83.449
3014638	1826045	-108.51
3014839	1825742	-95.97
3014642	1825835	-102.16
3014433	1825550	-96.069
3014472	1825220	-101.839
3014539	1825213	-101.199
3014845	1825861	-97.339
3014756	1825442	-89.269
3014306	1825502	-102.0
3014385	1825142	-102.699
3015035	1825036	-94.76
3014559	1825958	-100.819
3014717	1825225	-96.9
3014611	1824921	-101.94
3014982	1825975	-100.86
3014964	1825977	-100.069
3014501	1825077	-100.48
3015151	1825074	-84.11
3014772	1825636	-94.68
3014836	1825789	-92.3
3014769	1825449	-91.61
3014475	1825667	-98.279
3014920	1825764	-89.849
3014810	1825868	-100.669
3014718	1825053	-96.19
3014818	1825662	-93.08
3014415	1825067	-103.559
3014710	1824983	-96.199
3014581	1826098	-109.019
3014428	1825294	-99.8
3014569	1825418	-97.58
3014797	1825442	-91.26
3014716	1825156	-101.339
3014406	1825219	-101.069
3014405	1825563	-96.73
3014654	1825929	-100.839
3014722	1825068	-95.05
3014521	1825147	-100.489
3014628	1825243	-96.449
3014652	1825919	-101.36
3014592	1825883	-104.089
3015050	1825039	-95.699
3014702	1824996	-96.849
3014801	1825883	-98.569
3014660	1825912	-102.23
3014587	1825855	-100.29
3014718	1825452	-88.54
3014402	1825547	-96.699
3015005	1825059	-87.76
3014721	1825567	-97.819
3014620	1825620	-97.199
3014606	1824907	-102.12
3014863	1825565	-88.169
3014619	1824956	-101.3
3014582	1825073	-100.3
3014718	1825841	-102.01
3015094	1825019	-94.75
3014710	1825811	-101.87
3014378	1825110	-106.83
3014531	1825648	-97.36
3014772	1825893	-99.33
3014803	1825612	-96.489
3014697	1824989	-96.61
3014982	1825976	-100.93
3014589	1826131	-109.519
3014653	1825374	-94.16
3014842	1825750	-96.41
3014571	1826069	-108.129
3014760	1825230	-88.089
3014646	1824804	-97.76
3014714	1825306	-96.949
3014586	1825081	-100.919
3014516	1825128	-99.099
3014981	1825972	-101.36
3014464	1825662	-98.599
3014649	1825930	-100.819
3014609	1825626	-97.129
3014620	1824769	-99.51
3015202	1825241	-76.819
3014503	1824986	-103.019
3014706	1825012	-97.12
3014409	1825072	-104.68
3014591	1825631	-96.669
3014304	1825504	-104.199
3015040	1825035	-94.98
3014711	1825311	-96.69
3014711	1825310	-96.72
3014597	1825121	-101.19
3014363	1825023	-105.26
3014950	1824884	-93.48
3014865	1825572	-88.389
3014740	1825628	-94.25
3014496	1825213	-102.199
3014698	1824994	-96.9
3014384	1825568	-97.309
3014677	1825901	-103.699
3014694	1825317	-97.519
3014920	1825840	-95.589
3015043	1825041	-95.86
3014777	1825447	-91.769
3014858	1825548	-87.959
3014539	1824954	-100.04
3014644	1824794	-97.69
3015269	1825431	-82.75
3015070	1825033	-95.879
3014414	1825065	-103.79
3014637	1824771	-96.75
3014546	1825973	-104.37
3014712	1825913	-100.419
3014637	1825523	-99.9
3014729	1825147	-94.22
3014702	1825316	-96.05
3014811	1825641	-93.86
3014656	1824838	-98.58
3014402	1825079	-104.54
3014926	1824806	-95.379
3015138	1825022	-86.41
3014660	1825991	-99.989
3014589	1825864	-98.91
3014462	1824943	-100.819
3014606	1825944	-100.129
3014596	1825630	-96.919
3014663	1825661	-95.3
3015260	1825438	-82.5
3014690	1825919	-101.04
3014430	1825297	-100.419
3014509	1825209	-100.47
3015040	1825042	-96.089
3014675	1824906	-100.15
3014982	1825974	-101.349
3014398	1825160	-101.379
3014708	1825807	-102.0
3014464	1825222	-101.699
3014548	1824971	-99.849
3014557	1825284	-100.309
3014392	1825525	-97.12
3014403	1825078	-103.47
3014592	1825887	-104.8
3014461	1824940	-100.809
3014407	1825074	-103.819
3014495	1825054	-101.199
3014594	1825867	-98.9
3014642	1825838	-100.41
3014594	1825875	-98.91
3014838	1825737	-96.36
3014589	1825860	-100.08
3014975	1825968	-101.62
3014780	1825963	-100.9
3014661	1825652	-97.01
3014725	1825580	-98.26
3014634	1825618	-97.839
3014429	1825551	-96.639
3014390	1825518	-97.139
3014549	1825246	-98.199
3014640	1825588	-96.73
3014461	1824939	-100.819
3014391	1825091	-106.05
3014524	1825156	-100.819
3014587	1825265	-98.199
3014960	1825981	-100.26
3014643	1825339	-98.169
3014572	1825408	-97.66
3014960	1825979	-100.239
3014730	1825361	-93.08
3014822	1825796	-92.26
3014780	1825434	-86.849
3014841	1825489	-89.809
3014519	1825142	-100.58
3014966	1825977	-100.819
3014460	1824938	-100.849
3014006	1825372	-111.4
3014499	1825516	-95.66
3015055	1825031	-95.309
3014709	1825158	-101.87
3014817	1825798	-92.269
3014728	1825089	-96.059
3014462	1825665	-98.66
3014388	1825151	-101.449
3014594	1824893	-101.989
3014660	1825928	-101.54
3014505	1825093	-100.879
3014759	1825469	-93.15
3014393	1825088	-104.08
3015251	1825421	-84.75
3014661	1825910	-103.08
3014698	1825776	-101.599
3014641	1825591	-97.209
3014722	1825571	-98.309
3014546	1825238	-99.76
3014652	1826069	-108.86
3014426	1825069	-104.86
3014812	1825641	-94.029
3014788	1825444	-91.919
3014328	1825147	-104.48
3014754	1825461	-92.72
3014660	1825915	-101.58
3014885	1825849	-96.889
3015098	1824550	-98.459
3014760	1825471	-93.349
3014493	1824987	-102.629
3014801	1825715	-93.0
3014544	1825728	-96.79
3014598	1825861	-98.809
3014469	1825540	-96.029
3014713	1825309	-97.36
3014726	1825082	-95.769
3015003	1825051	-88.669
3014802	1825441	-89.629
3014420	1825246	-104.87
3014593	1825107	-101.809
3014293	1825508	-105.069
3014405	1824986	-106.22
3014653	1825919	-101.919
3014631	1826021	-101.26
3014765	1825638	-95.08
3014601	1825261	-98.11
3014586	1825850	-103.959
3014630	1826009	-100.959
3014726	1825347	-91.94
3014395	1825086	-104.15
3014680	1825712	-100.839
3014829	1825413	-87.309
3014391	1825521	-97.41
3014632	1825791	-99.669
3014602	1824900	-102.62
3014778	1825524	-96.08
3015266	1825408	-83.54
3014855	1825858	-98.22
3014741	1825092	-96.55
3014576	1825268	-98.58
3014632	1825009	-100.83
3014883	1825849	-96.849
3014508	1825652	-98.5
3014564	1825421	-98.669
3014402	1825158	-101.91
3014427	1825292	-100.36
3014663	1825907	-103.79
3014755	1825458	-93.099
3015106	1825021	-96.04
3014628	1824995	-99.93
3014640	1825338	-98.15
3014556	1825279	-99.739
3014629	1825242	-97.139
3014686	1825320	-98.529
3014540	1824955	-100.639
3014844	1825783	-94.16
3014610	1824925	-102.449
3014585	1826113	-110.089
3014851	1825521	-89.62
3015222	1825296	-75.069
3014457	1824929	-100.94
3014466	1825300	-101.779
3014639	1825842	-100.15
3014607	1824911	-102.83
3014404	1824987	-106.26
3014660	1825914	-102.62
3014727	1825589	-98.72
3014707	1825898	-103.099
3014983	1825979	-101.269
3014385	1825141	-104.199
3014699	1825008	-97.43
3014731	1825146	-95.0
3014974	1825970	-101.98
3014605	1825151	-98.29
3014572	1825636	-97.61
3014501	1825658	-99.389
3014983	1825977	-101.55
3014739	1825447	-89.919
3014870	1825854	-96.569
3014807	1825636	-97.4
3014769	1825193	-89.069
3014511	1825114	-99.75
3014538	1825706	-96.9
3014467	1824959	-102.05
3014854	1826011	-102.76
3014696	1824980	-97.029
3014585	1825843	-106.79
3014590	1825878	-99.349
3014618	1825255	-97.29
3014431	1825299	-101.23
3014404	1824990	-106.25
3014846	1825762	-97.4
3014431	1825551	-97.139
3014557	1825770	-100.37
3014709	1825898	-103.3
3014712	1825310	-97.569
3014951	1826061	-107.319
3014786	1825961	-101.37
3014937	1824843	-95.18
3014593	1825103	-102.29
3014973	1825970	-101.949
3014755	1825188	-89.58
3014621	1824969	-101.86
3014675	1825238	-97.29
3014504	1825210	-100.94
3014880	1825850	-96.73
3014791	1825959	-101.379
3014628	1825847	-100.11
3014957	1825983	-100.589
3014643	1824798	-98.55
3014719	1825061	-96.989
3014613	1824932	-102.699
3014463	1824948	-101.72
3014425	1825288	-100.349
3014918	1825989	-103.83
3014322	1825162	-107.889
3014640	1824779	-98.279
3014588	1825084	-102.08
3014628	1825242	-97.379
3014421	1825271	-104.449
3014563	1826037	-102.48
3014743	1825634	-94.62
3014804	1825634	-97.379
3015067	1825028	-95.94
3014521	1825284	-101.08
3014700	1824998	-97.959
3015145	1825052	-86.08
3014505	1825656	-99.4
3014654	1825630	-99.47
3014662	1825990	-100.73
3014313	1825163	-107.099
3014404	1824988	-106.47
3014717	1825838	-103.01
3014487	1825216	-104.389
3014405	1825158	-102.389
3014679	1825986	-101.089
3014862	1825559	-89.16
3014405	1824995	-106.319
3014676	1825924	-101.98
3014428	1825293	-100.83
3014638	1826003	-101.239
3014567	1825270	-99.089
3014688	1825159	-101.639
3014409	1825543	-97.55
3014598	1824887	-103.3
3014596	1824880	-103.419
3014651	1825995	-101.0
3014594	1825900	-105.639
3014709	1825277	-98.599
3014584	1825077	-101.69
3014657	1825917	-101.919
3014435	1825304	-102.419
3014558	1825288	-101.15
3014521	1825204	-101.86
3014491	1825043	-101.73
3014784	1825889	-99.87
3014707	1825311	-97.44
3014654	1825377	-95.91
3014625	1825848	-100.269
3014963	1825979	-101.269
3014432	1825301	-102.019
3014394	1825160	-102.069
3014457	1824935	-101.51
3014749	1825455	-92.87
3014430	1825296	-101.23
3014847	1825764	-97.769
3014603	1825909	-106.4
3014946	1825984	-103.22
3014837	1825732	-97.18
3014714	1825297	-98.459
3014547	1825967	-101.47
3014673	1825987	-102.37
3014736	1825114	-96.51
3014665	1826068	-108.94
3014587	1826120	-110.72
3014538	1825209	-102.629
3014797	1825806	-94.19
3014429	1825295	-101.18
3014661	1825911	-103.629
3014633	1825173	-101.669
3014788	1825559	-96.91
3014943	1825985	-103.239
3015272	1825451	-80.319
3014661	1825912	-103.44
3014724	1825075	-96.089
3014865	1825856	-97.019
3014631	1826007	-101.58
3014417	1825234	-103.819
3015089	1825028	-94.339
3014656	1825637	-96.279
3014572	1824911	-100.669
3014521	1824964	-97.0
3014735	1825448	-90.319
3014704	1825915	-101.37
3014634	1825845	-100.65
3014672	1825155	-101.089
3014345	1825039	-105.36
3014411	1825070	-106.339
3014647	1826065	-110.69
3014803	1825955	-101.739
3014418	1825059	-105.4
3014867	1825578	-89.8
3015043	1825035	-96.339
3014969	1825975	-102.05
3014639	1825535	-100.94
3014693	1825758	-101.98
3014741	1825631	-94.949
3014631	1826026	-104.41
3014944	1824868	-95.0
3015088	1825021	-94.04
3014515	1825123	-100.059
3014757	1825640	-95.569
3014793	1825959	-101.669
3014897	1824702	-98.9
3014799	1825441	-91.11
3014449	1825305	-102.79
3014413	1825068	-104.94
3014546	1825968	-101.639
3014919	1825990	-104.01
3014733	1825146	-95.83
3014582	1826102	-110.639
3014383	1825135	-107.669
3014624	1825619	-98.739
3014632	1824750	-105.29
3014518	1825205	-102.069
3014623	1824715	-107.9
3014627	1825243	-97.919
3014626	1825252	-98.849
3014635	1825804	-104.139
3014623	1825230	-96.29
3014983	1825980	-101.889
3014927	1825836	-97.47
3014783	1825540	-97.029
3014384	1825138	-105.239
3014478	1825298	-102.51
3014643	1825607	-98.05
3014694	1825011	-97.69
3014611	1824931	-103.099
3014885	1825644	-88.069
3014538	1824953	-101.389
3014617	1825212	-100.529
3014732	1825102	-96.98
3014658	1825917	-102.389
3014826	1825794	-93.54
3014419	1825234	-104.15
3015272	1825460	-84.47
3014558	1825289	-101.559
3014926	1825792	-97.069
3014400	1825159	-102.75
3014463	1825540	-97.16
3014685	1825733	-101.94
3014878	1825850	-97.569
3014490	1825038	-101.849
3014662	1825656	-98.25
3014778	1825721	-92.699
3014804	1825440	-88.36
3014587	1825632	-98.089
3014691	1825318	-99.12
3014668	1825676	-94.48
3015133	1825484	-75.55
3014716	1825834	-103.629
3014649	1825997	-101.61
3014713	1825827	-103.559
3014646	1824800	-99.279
3014451	1825305	-103.04
3014847	1825767	-98.199
3014604	1825628	-98.54
3014810	1825864	-102.73
3014580	1824824	-104.959
3014643	1824788	-99.129
3014756	1825465	-94.05
3014710	1825310	-98.22
3014721	1825909	-102.15
3014648	1825362	-99.059
3014612	1824937	-103.089
3014550	1825741	-100.97
3014652	1825371	-97.61
3014922	1825839	-97.3
3014506	1824983	-104.809
3014951	1825982	-103.849
3015251	1825420	-85.339
3014924	1825778	-96.75
3015023	1825122	-85.779
3014644	1825932	-102.349
3014773	1825448	-93.37
3014623	1824975	-102.559
3014597	1825262	-99.3
3014619	1825851	-100.76
3014388	1825153	-102.68
3014859	1825553	-89.629
3014647	1825921	-103.089
3014655	1825918	-102.66
3014628	1825239	-97.8
3014326	1825158	-107.819
3014875	1825605	-90.73
3014317	1825157	-107.319
3014308	1825482	-102.3
3014804	1825802	-93.91
3014404	1824991	-107.099
3015035	1825158	-86.01
3014713	1825820	-103.709
3014308	1825501	-104.58
3014729	1825356	-93.779
3014817	1825951	-102.809
3014494	1824985	-104.019
3015026	1825129	-87.08
3014496	1825660	-100.599
3014681	1825986	-102.059
3014984	1825983	-101.989
3015159	1825102	-84.9
3014708	1825271	-99.47
3015054	1825038	-97.62
3014813	1825438	-89.639
3014750	1825127	-97.86
3014783	1825433	-88.169
3014708	1825020	-98.66
3014928	1825802	-97.62
3014816	1826022	-104.47
3015210	1825634	-94.68
3014614	1825256	-97.819
3014976	1825968	-103.239
3014572	1825269	-99.87
3014680	1825709	-102.139
3014575	1824907	-101.55
3014674	1825692	-94.889
3014390	1825155	-102.86
3014316	1825166	-108.309
3015191	1825206	-80.239
3014726	1825585	-99.809
3014739	1825624	-99.23
3014867	1825855	-97.73
3014639	1825583	-96.73
3014646	1825998	-101.959
3014920	1825992	-104.04
3014730	1825363	-94.65
3014593	1825890	-106.489
3014552	1825747	-101.29
3014707	1825268	-99.62
3014369	1825117	-107.62
3014441	1825147	-105.239
3014643	1825617	-99.83
3014608	1825698	-96.36
3014470	1824974	-103.0
3014720	1825463	-90.54
3015038	1825165	-86.55
3014544	1825277	-100.47
3014814	1825649	-90.69
3014622	1825849	-100.569
3014481	1825008	-105.769
3014971	1825973	-102.93
3014980	1825990	-101.839
3014469	1824969	-103.129
3014703	1825981	-103.79
3014550	1825742	-101.309
3015109	1825020	-97.4
3014640	1826002	-102.199
3015262	1825441	-82.599
3014462	1825666	-100.279
3015223	1825299	-76.279
3014533	1825689	-97.98
3014830	1825792	-94.209
3014366	1825558	-99.639
3014389	1825157	-102.91
3014656	1825918	-102.879
3014809	1825871	-102.29
3014265	1825121	-104.959
3014829	1825416	-89.519
3014801	1825803	-94.3
3014906	1824733	-99.209
3014645	1825617	-100.099
3014786	1825432	-88.36
3014416	1825066	-105.86
3014544	1825725	-98.339
3014771	1826037	-101.669
3015034	1825043	-97.839
3014628	1826013	-102.65
3014594	1826156	-111.43
3014646	1825357	-99.54
3015138	1825014	-88.66
3014872	1825853	-98.01
3014388	1824998	-108.9
3014623	1824768	-101.779
3014783	1825445	-93.599
3014631	1825242	-98.69
3014635	1824767	-100.68
3014893	1826002	-102.339
3014550	1825257	-98.669
3015207	1825626	-93.75
3014562	1825272	-100.419
3014687	1825740	-102.639
3014907	1825844	-96.93
3014783	1825718	-93.58
3014432	1825302	-103.269
3014666	1824871	-102.29
3014755	1825192	-90.849
3014716	1825911	-102.559
3014443	1825547	-98.269
3014480	1825659	-101.019
3014925	1825783	-97.519
3014736	1825149	-96.809
3014429	1825296	-102.3
3014810	1825869	-102.79
3014777	1825964	-102.849
3014513	1825207	-102.65
3014491	1825293	-102.889
3014502	1824977	-104.809
3014979	1825989	-102.139
3015270	1825405	-84.889
3014463	1825667	-100.69
3014616	1825852	-100.79
3014499	1824979	-104.989
3014409	1825226	-103.91
3014699	1825315	-97.79
3014430	1825298	-102.58
3014967	1825977	-102.83
3014895	1825941	-105.029
3015200	1825232	-79.47
3014602	1825858	-101.41
3014822	1825949	-103.349
3015325	1825456	-83.849
3014777	1825519	-97.79
3014475	1824990	-105.699
3014695	1825762	-103.19
3014648	1824807	-100.11
3014620	1824962	-103.519
3014408	1825157	-103.9
3014682	1825718	-102.68
3014708	1824974	-102.139
3015282	1825467	-83.589
3014622	1825219	-100.08
3014876	1825851	-98.33
3014323	1825151	-107.25
3014659	1825649	-98.959
3014978	1826048	-103.86
3014958	1825979	-102.08
3014800	1825606	-98.669
3014397	1825084	-104.91
3014935	1825988	-104.36
3014431	1825300	-102.949
3014393	1824993	-106.419
3014970	1825982	-103.069
3014658	1825916	-103.519
3014605	1824903	-104.66
3014482	1825536	-97.62
3014645	1825547	-97.709
3014388	1825095	-108.519
3014406	1824998	-106.849
3014883	1825636	-92.989
3014422	1825234	-105.12
3014632	1825240	-98.8
3014667	1826068	-110.099
3014351	1825562	-100.349
3014913	1824758	-98.94
3014930	1825834	-98.73
3014775	1825513	-97.8
3014691	1825753	-103.019
3014487	1825295	-103.3
3014349	1825035	-107.839
3014970	1825974	-103.36
3014371	1825118	-108.33
3014888	1825848	-98.9
3014657	1825645	-99.019
3014437	1825305	-104.029
3014976	1825984	-102.91
3014709	1825274	-100.199
3014810	1825865	-103.22
3014667	1825673	-95.43
3014625	1825233	-97.629
3014637	1825527	-102.19
3014968	1825976	-103.22
3014520	1824961	-98.379
3014926	1825788	-98.029
3014781	1825719	-93.889
3014725	1825864	-105.26
3014599	1825007	-98.459
3014411	1825007	-107.849
3014729	1825358	-94.87
3014592	1826147	-111.849
3014503	1825530	-97.879
3014420	1825054	-107.0
3014580	1824816	-105.459
3014789	1825631	-98.209
3014635	1824765	-102.15
3014962	1824924	-93.099
3014638	1824770	-101.269
3015206	1825622	-93.75
3014625	1824990	-101.62
3014628	1826015	-103.22
3014551	1825260	-99.4
3015203	1825245	-79.25
3014639	1824775	-99.199
3014506	1825289	-103.11
3015137	1825012	-89.269
3014539	1825710	-98.79
3014891	1825935	-105.029
3014479	1825002	-106.51
3014793	1825443	-94.129
3015115	1825426	-75.709
3014702	1825789	-104.26
3015269	1825433	-84.589
3014646	1825618	-100.8
3014881	1825628	-93.16
3014690	1825749	-103.279
3014959	1826056	-108.41
3014701	1825004	-99.75
3014913	1825986	-105.639
3015018	1825102	-89.129
3014845	1825758	-99.319
3014553	1825267	-100.209
3014413	1825563	-99.41
3014762	1825474	-95.76
3015033	1825150	-87.449
3014637	1824773	-99.379
3015208	1825630	-94.83
3014621	1825226	-97.389
3014873	1825599	-91.66
3014714	1825299	-99.98
3014631	1826024	-103.099
3014638	1825613	-99.589
3014401	1825197	-105.739
3014433	1825091	-107.15
3014897	1825846	-98.959
3014668	1825988	-103.73
3014607	1824782	-110.18
3015030	1825144	-86.15
3014318	1825165	-109.739
3014979	1826046	-104.5
3014983	1825994	-102.489
3014654	1824835	-101.269
3015263	1825444	-82.15
3014939	1824850	-97.08
3014456	1824935	-103.319
3014591	1826141	-112.23
3014516	1824964	-98.769
3014470	1825659	-101.769
3014728	1825461	-92.169
3014914	1825986	-106.0
3014626	1824988	-101.269
3014555	1825273	-101.16
3014496	1825292	-103.639
3014607	1825855	-102.379
3014604	1825857	-102.16
3014713	1825293	-100.349
3014656	1825641	-99.75
3014974	1825969	-104.23
3014794	1825428	-88.949
3014600	1825860	-101.339
3014674	1826065	-110.68
3014606	1825259	-99.639
3014872	1825595	-91.83
3014806	1825439	-90.08
3015268	1825398	-81.97
3014501	1825290	-103.54
3015028	1825137	-88.019
3015078	1825031	-96.3
3014625	1824766	-99.91
3014716	1825045	-99.54
3014933	1825988	-105.169
3014638	1824778	-100.47
3014365	1825118	-108.51
3014422	1825555	-99.529
3014431	1825083	-107.44
3014441	1825116	-107.25
3014789	1826031	-103.79
3014518	1825655	-101.36
3014262	1825518	-108.3
3015270	1825436	-83.519
3014619	1825746	-105.43
3014660	1825913	-105.25
3015085	1825029	-96.339
3014642	1825594	-99.949
3014671	1825902	-107.05
3014814	1825402	-88.41
3014441	1825306	-104.86
3014973	1825982	-103.79
3014626	1825238	-99.08
3014644	1825600	-100.0
3014482	1825296	-104.04
3014669	1826067	-110.86
3014625	1824987	-101.69
3014983	1825978	-103.849
3015271	1825440	-82.4
3015313	1825463	-86.559
3014631	1825237	-99.209
3014524	1824960	-100.44
3014459	1825302	-104.4
3014722	1825451	-91.68
3014588	1825857	-103.58
3014869	1826006	-105.23
3014702	1825314	-99.239
3014546	1825734	-99.569
3014901	1825845	-98.93
3014414	1825016	-108.529
3014511	1825287	-103.529
3014643	1825598	-100.069
3014829	1825414	-90.26
3014593	1825897	-107.779
3014972	1825982	-103.93
3014619	1824963	-104.339
3014931	1825832	-99.65
3014639	1824772	-99.91
3014548	1825276	-101.8
3015182	1825647	-94.33
3015280	1825467	-85.72
3014387	1825150	-104.36
3014489	1825656	-101.79
3014554	1825270	-101.19
3014764	1825477	-96.459
3014800	1825957	-103.55
3014596	1825654	-98.919
3014521	1825651	-101.129
3014671	1825988	-104.58
3014655	1826069	-111.589
3014486	1825657	-102.01
3014949	1825985	-104.949
3014625	1825535	-102.16
3015251	1825418	-85.87
3014593	1826149	-112.75
3014462	1825301	-104.629
3014932	1825820	-99.839
3014516	1825652	-101.41
3014535	1825698	-99.589
3014845	1825502	-92.36
3015192	1825211	-81.68
3014844	1826015	-105.43
3014879	1825619	-93.87
3014593	1824893	-105.04
3014600	1825629	-100.4
3014428	1825074	-107.949
3014620	1825222	-98.23
3014814	1825952	-104.69
3014814	1825416	-91.01
3014704	1825315	-99.69
3014317	1825166	-110.199
3014848	1826014	-105.44
3014425	1825067	-108.0
3014926	1825990	-105.819
3015250	1825416	-84.3
3014713	1825295	-100.919
3014516	1825286	-103.9
3014727	1825350	-94.9
3014685	1826064	-110.849
3014524	1824957	-102.04
3014774	1825508	-98.239
3015249	1825411	-82.08
3014632	1825617	-101.18
3014526	1825649	-101.19
3014598	1824789	-111.58
3014685	1825729	-104.15
3014695	1825918	-103.739
3014692	1826062	-110.0
3014818	1825436	-92.029
3014665	1825927	-104.98
3014555	1825752	-103.239
3014363	1825118	-109.089
3014847	1825508	-92.639
3015311	1825464	-87.389
3014681	1826064	-111.209
3014730	1825365	-96.029
3014605	1825689	-98.23
3014677	1825986	-103.739
3014622	1825939	-104.129
3014642	1824792	-101.389
3014387	1825148	-104.879
3014874	1825852	-99.76
3014904	1825845	-98.419
3015078	1825025	-96.629
3015227	1825313	-77.639
3015225	1825305	-77.879
3014551	1825746	-103.23
3014581	1824812	-108.779
3014797	1826027	-105.04
3014681	1825714	-104.209
3014828	1825409	-89.779
3015272	1825448	-82.69
3014735	1825459	-93.919
3015071	1825027	-95.86
3014551	1825745	-103.26
3014432	1825087	-108.269
3014583	1824806	-111.73
3014534	1825693	-99.93
3014767	1825485	-97.15
3014826	1826019	-106.589
3015294	1825467	-86.209
3015129	1825467	-77.22
3014811	1825953	-104.989
3014438	1825148	-107.089
3014645	1825999	-104.059
3014922	1825990	-106.37
3014483	1825658	-102.66
3014839	1825482	-93.4
3014316	1825159	-109.889
3015270	1825438	-83.54
3014970	1825981	-104.76
3014974	1825982	-104.58
3014856	1825541	-91.73
3014700	1825981	-105.559
3014714	1825304	-101.01
3014596	1825909	-108.62
3015286	1825398	-85.029
3014632	1825846	-103.339
3014626	1825236	-99.72
3014439	1825306	-105.69
3014774	1825503	-97.08
3014593	1825894	-108.589
3014789	1825960	-104.569
3014649	1825921	-105.3
3014791	1825888	-102.51
3014873	1826007	-105.599
3014790	1825430	-90.18
3014420	1825050	-108.62
3014731	1825449	-93.699
3014810	1825438	-91.58
3015020	1825109	-90.18
3014787	1825717	-95.709
3014834	1825465	-93.489
3014783	1825962	-104.66
3014627	1825937	-104.48
3014916	1825993	-106.319
3015201	1825606	-93.029
3014590	1824864	-106.629
3014703	1825313	-100.209
3014849	1825860	-100.23
3015040	1825173	-88.669
3014700	1826059	-109.08
3014988	1826010	-106.29
3014810	1825421	-92.23
3014839	1825787	-97.019
3014630	1826019	-104.93
3014917	1825989	-107.25
3014983	1825981	-104.639
3014753	1826043	-107.419
3014819	1825438	-92.559
3014765	1825481	-97.37
3014911	1825984	-106.91
3014929	1825835	-100.489
3014501	1824989	-106.989
3014808	1825422	-92.029
3014596	1824893	-106.08
3014738	1825083	-99.65
3014649	1825620	-102.65
3014817	1825438	-92.51
3014594	1825008	-100.26
3014601	1825945	-104.65
3014816	1825653	-93.129
3014917	1825842	-99.69
3015169	1825603	-89.18
3014889	1825934	-106.55
3014701	1825002	-101.459
3014413	1825011	-109.79
3014871	1825590	-93.12
3014539	1825278	-102.949
3014595	1825650	-101.51
3014812	1825418	-92.129
3014813	1825417	-92.01
3014642	1826000	-104.54
3014409	1825004	-109.37
3014835	1825946	-105.08
3015158	1825564	-85.25
3014988	1826005	-104.389
3014975	1825984	-104.839
3014657	1826070	-112.349
3014976	1825986	-104.68
3014552	1825264	-101.61
3014822	1826020	-107.169
3014398	1824988	-109.48
3014985	1826001	-103.529
3014570	1825416	-101.55
3014894	1826001	-104.76
3015249	1825413	-83.43
3014610	1825854	-103.889
3014653	1826069	-112.849
3014814	1825405	-89.769
3014860	1826009	-106.489
3014419	1825065	-108.529
3015315	1825461	-86.93
3014600	1825666	-98.699
3014594	1825903	-109.059
3014742	1825447	-93.94
3014714	1825302	-101.66
3014389	1825153	-105.589
3014556	1825281	-104.04
3014776	1826035	-104.43
3014639	1825033	-101.769
3014644	1825603	-101.349
3014598	1825657	-99.98
3014977	1825986	-104.769
3014552	1825275	-103.029
3014321	1825153	-109.739
3015263	1825622	-102.199
3014891	1825848	-100.769
3014814	1825410	-89.9
3014930	1825989	-106.779
3014657	1825992	-104.5
3014928	1825989	-106.9
3014424	1825066	-108.97
3014715	1825831	-106.69
3014319	1825155	-110.029
3014829	1825419	-93.089
3014421	1825274	-108.059
3014582	1824809	-112.449
3015271	1825458	-85.79
3014465	1825660	-103.449
3014933	1825823	-101.16
3014611	1824778	-109.809
3014416	1825021	-110.05
3014425	1825289	-104.25
3014655	1825633	-101.739
3014532	1825684	-100.669
3014965	1825978	-105.099
3014472	1824979	-105.83
3014707	1825314	-101.029
3014476	1825659	-103.58
3014819	1826021	-107.459
3014813	1826023	-107.339
3015297	1825466	-86.739
3014853	1825527	-93.839
3014550	1825249	-101.449
3015147	1825528	-81.83
3014808	1825438	-92.099
3014915	1825987	-108.069
3014624	1825224	-99.589
3014556	1825282	-104.47
3014869	1825855	-100.529
3014426	1825067	-109.33
3015251	1825419	-87.919
3014827	1825425	-94.19
3014436	1825099	-109.18
3015172	1825555	-85.11
3015195	1825219	-82.709
3015264	1825446	-83.8
3014975	1825983	-105.419
3014814	1825647	-93.629
3014827	1825407	-89.629
3014386	1825146	-106.04
3014640	1825617	-102.709
3014877	1825610	-95.4
3014925	1825991	-107.029
3014456	1825303	-106.209
3014610	1825257	-100.739
3014700	1825917	-105.0
3014871	1826006	-106.83
3015270	1825398	-84.339
3015209	1825263	-80.769
3014652	1825625	-103.489
3014823	1825439	-93.589
3015299	1825389	-84.339
3014928	1825797	-100.839
3014772	1825499	-97.98
3014705	1825312	-101.3
3014985	1825999	-104.279
3014883	1825632	-95.709
3014500	1825212	-105.23
3014777	1825435	-91.72
3014811	1825420	-93.309
3014613	1825853	-103.959
3014631	1824765	-101.93
3015251	1825389	-79.9
3014837	1826016	-107.4
3014641	1825538	-102.639
3014697	1825771	-106.339
3014462	1824925	-102.279
3015084	1825022	-97.949
3014665	1825988	-105.269
3014629	1825235	-100.51
3014630	1825002	-104.97
3014696	1824984	-101.69
3014987	1826002	-104.22
3014814	1825407	-90.519
3014949	1825983	-107.4
3014450	1825671	-103.47
3015183	1825554	-87.47
3015271	1825446	-83.889
3014633	1825935	-105.779
3014806	1825954	-105.97
3014742	1826046	-106.08
3014774	1826036	-105.089
3014820	1825950	-106.379
3014647	1825359	-102.809
3014838	1825945	-106.0
3014529	1825281	-103.309
3015296	1825467	-87.989
3014408	1825000	-109.989
3014664	1825989	-105.15
3015210	1825267	-81.0
3014833	1826017	-107.8
3014669	1825679	-99.629
3014422	1825065	-109.66
3014628	1826016	-106.08
3015171	1825610	-91.16
3014791	1826030	-106.309
3014464	1825669	-104.11
3014810	1826024	-107.79
3014660	1826069	-113.4
3014729	1826049	-108.58
3014420	1825065	-109.61
3014814	1825412	-90.819
3014660	1825990	-105.36
3014548	1825242	-103.019
3014652	1825920	-106.339
3014769	1825489	-98.86
3014929	1825806	-101.559
3015196	1825588	-92.709
3014552	1825748	-105.019
3014474	1825298	-106.629
3014644	1825605	-102.349
3014786	1826032	-108.269
3015178	1825633	-94.76
3014419	1825056	-109.98
3014534	1825280	-104.05
3014696	1826061	-111.839
3014497	1824981	-108.349
3015292	1825392	-85.269
3014803	1826026	-107.389
3015251	1825417	-87.55
3014825	1825948	-106.779
3015275	1825396	-83.93
3014981	1825991	-105.61
3014718	1825845	-107.83
3014770	1825494	-98.459
3014537	1825702	-101.889
3014591	1824798	-112.389
3014977	1825987	-105.919
3014857	1826010	-107.819
3014629	1825550	-100.04
3014823	1825431	-94.62
3014627	1825229	-100.72
3014987	1825999	-105.089
3014419	1825043	-110.709
3014803	1825424	-93.029
3014592	1824869	-108.47
3014672	1825902	-109.769
3014885	1825933	-107.86
3014931	1824824	-100.739
3015323	1825382	-86.0
3014585	1824843	-109.05
3014801	1826027	-107.489
3014954	1825981	-106.11
3014427	1825072	-110.389
3014648	1825921	-107.37
3015272	1825443	-84.72
3014984	1825994	-105.629
3014826	1825428	-95.199
3014425	1825066	-110.54
3014828	1825422	-95.209
3014652	1825553	-100.889
3014636	1824767	-105.22
3015208	1825632	-98.25
3014902	1824718	-103.73
3014988	1826008	-107.98
3014894	1825939	-108.83
3014797	1825427	-92.0
3014829	1825411	-92.529
3015250	1825387	-80.62
3015272	1825397	-85.559
3014426	1825068	-110.66
3014875	1826006	-107.849
3014808	1825953	-107.069
3014870	1825935	-107.089
3014988	1826002	-105.269
3014825	1825441	-94.949
3014496	1825654	-104.54
3014899	1825950	-108.459
3014884	1825640	-95.589
3015118	1825434	-79.349
3014956	1825980	-105.989
3014579	1824819	-109.449
3014914	1825843	-101.62
3014438	1825108	-110.61
3014931	1825817	-102.709
3015081	1825030	-99.66
3014665	1825665	-99.279
3014806	1825423	-93.959
3014814	1825414	-91.79
3014470	1825299	-107.61
3014418	1825035	-111.58
3014595	1825947	-106.93
3014612	1825717	-102.33
3015230	1825322	-80.19
3014638	1824774	-103.209
3014636	1824768	-105.23
3015198	1825594	-94.419
3015204	1825617	-96.94
3014985	1826005	-105.489
3014874	1825934	-107.769
3015281	1825468	-87.819
3014437	1825104	-110.91
3015293	1825468	-89.629
3014726	1826051	-109.069
3014666	1825904	-110.459
3015136	1825493	-81.279
3014637	1824776	-103.33
3014666	1825669	-100.23
3015180	1825550	-87.29
3015203	1825612	-96.54
3015042	1825181	-89.97
3014604	1825683	-101.19
3014529	1825677	-102.73
3015284	1825393	-85.379
3014600	1825670	-101.099
3015175	1825150	-87.889
3014821	1825434	-95.419
3015213	1825275	-82.08
3014387	1825145	-108.059
3015267	1825452	-85.51
3015301	1825465	-88.9
3014840	1826016	-108.91
3014419	1825039	-111.889
3014442	1825131	-110.73
3015226	1825633	-98.72
3015270	1825456	-87.04
3014696	1825767	-108.019
3014567	1825420	-105.059
3014420	1825046	-111.73
3014435	1825095	-111.4
3015223	1825634	-98.629
3014663	1826069	-114.809
3014642	1825541	-101.79
3014473	1824985	-108.239
3015094	1825354	-81.769
3015281	1825394	-85.589
3014911	1825980	-109.809
3014812	1825645	-95.919
3014417	1825025	-112.54
3014867	1826007	-109.209
3015215	1825636	-99.01
3015180	1825640	-97.339
3015175	1825549	-87.239
3015261	1825397	-84.559
3014589	1824858	-109.98
3015021	1825116	-91.639
3014813	1825437	-95.19
3014855	1825535	-95.019
3015302	1825465	-89.529
3015283	1825468	-87.559
3014988	1826003	-106.23
3015250	1825415	-87.389
3014886	1826004	-106.93
3014628	1825545	-101.5
3015212	1825635	-100.489
3015113	1825417	-80.379
3014800	1825425	-94.11
3015182	1825553	-89.199
3014521	1825657	-105.769
3014500	1825652	-105.5
3015172	1825557	-87.8
3014898	1825945	-110.3
3015278	1825395	-85.779
3014594	1825905	-112.019
3014897	1825999	-108.169
3014784	1826033	-109.19
3014877	1826006	-107.18
3015199	1825600	-95.72
3015266	1825448	-85.98
3015046	1825195	-88.8
3015233	1825329	-81.01
3014887	1825933	-109.65
3014885	1826004	-107.139
3015298	1825466	-89.809
3015220	1825635	-99.11
3015165	1825589	-90.94
3014689	1826063	-114.01
3015247	1825400	-83.23
3015226	1825312	-81.48
3014830	1825947	-108.48
3015259	1825397	-84.589
3014525	1825283	-105.54
3014417	1825030	-112.809
3014827	1825404	-92.419
3014584	1824835	-111.089
3014430	1825080	-112.129
3015282	1825468	-88.339
3014807	1826025	-109.79
3014628	1825232	-102.839
3014985	1826004	-106.699
3014557	1825273	-106.089
3014976	1825985	-108.18
3015173	1825617	-94.489
3014734	1826048	-114.73
3015284	1825468	-87.889
3014427	1825070	-112.319
3015191	1825571	-93.339
3015186	1825559	-91.169
3015215	1825636	-99.68
3014965	1826055	-109.489
3014900	1825953	-109.529
3014653	1825994	-107.9
3014910	1825844	-102.9
3014636	1824770	-104.629
3014764	1826039	-107.12
3015192	1825577	-93.769
3015121	1825442	-80.959
3015267	1825450	-86.5
3015123	1825450	-81.169
3014587	1824848	-111.139
3014493	1825655	-106.5
3014884	1826004	-107.69
3014892	1826003	-108.309
3014891	1826004	-108.269
3014582	1824831	-111.559
3015266	1825398	-86.8
3015262	1825398	-85.989
3015255	1825394	-84.089
3014767	1826038	-107.669
3014932	1825829	-104.709
3014651	1825622	-106.79
3015272	1825619	-105.26
3014840	1825944	-109.05
3014675	1825987	-109.65
3015176	1825625	-96.22
3014843	1825495	-95.16
3015211	1825271	-83.83
3014876	1825934	-109.69
3015082	1825312	-84.58
3015248	1825408	-85.889
3015096	1825362	-82.87
3014930	1825813	-104.62
3014602	1825674	-102.769
3014692	1825012	-105.459
3015253	1825392	-83.919
3014550	1825744	-107.959
3014894	1825847	-104.83
3014900	1825998	-109.69
3014985	1826006	-107.47
3015257	1825396	-85.05
3014576	1825953	-109.489
3015167	1825596	-92.79
3014439	1825112	-112.91
3015309	1825387	-88.91
3015268	1825454	-87.72
3015131	1825476	-82.51
3014902	1825959	-110.279
3015288	1825469	-88.41
3015142	1825511	-84.65
3014629	1826017	-109.58
3015252	1825390	-83.93
3015192	1825636	-98.389
3015051	1825211	-89.41
3014828	1825948	-109.76
3015045	1825188	-90.44
3014833	1825947	-109.68
3014850	1825942	-108.69
3014643	1825544	-103.559
3015227	1825316	-82.8
3015054	1825219	-89.22
3014897	1825943	-112.04
3014721	1826052	-110.139
3014692	1824972	-105.089
3015058	1825234	-88.66
3014978	1825988	-109.15
3014883	1826004	-108.61
3014904	1825996	-110.669
3015153	1825546	-88.029
3014907	1825971	-111.279
3015186	1825615	-95.68
3014889	1826004	-109.05
3015073	1825280	-86.61
3015049	1825203	-90.059
3015213	1825636	-101.65
3014978	1825987	-109.389
3015156	1825556	-89.339
3014580	1824821	-112.489
3015247	1825398	-84.709
3014901	1825957	-110.68
3015248	1825406	-86.349
3014594	1824875	-111.949
3015245	1825377	-83.11
3015092	1825345	-84.43
3015181	1825551	-90.989
3014441	1825120	-113.55
3014888	1826004	-109.319
3015249	1825385	-83.79
3015244	1825385	-83.43
3014650	1825920	-111.11
3014716	1826053	-110.8
3015243	1825382	-83.41
3014907	1825995	-111.68
3015174	1825550	-89.769
3015221	1825296	-84.209
3014891	1826004	-109.849
3015176	1825549	-89.9
3014893	1825937	-112.419
3015194	1825582	-96.279
3015309	1825464	-92.97
3014708	1826056	-110.629
3014607	1825694	-104.379
3014899	1825948	-112.489
3015187	1825562	-93.66
3014429	1825077	-114.54
3015245	1825388	-84.22
3014908	1825974	-112.419
3015189	1825566	-95.19
3015254	1825393	-85.83
3014883	1825933	-112.019
3014761	1826040	-109.269
3015217	1825636	-101.66
3014882	1826004	-109.66
3015099	1825370	-84.41
3015258	1825397	-87.029
3015290	1825468	-91.589
3015284	1825469	-90.08
3014441	1825128	-114.19
3014932	1825828	-106.83
3014779	1826035	-110.47
3014866	1825936	-111.059
3015160	1825572	-92.3
3015177	1825548	-90.66
3015110	1825409	-83.83
3015162	1825580	-93.139
3015144	1825519	-86.959
3014881	1825933	-112.3
3015230	1825632	-102.449
3015242	1825378	-84.16
3014617	1824772	-107.819
3015060	1825242	-90.0
3015290	1825469	-90.769
3015248	1825382	-84.87
3015305	1825465	-93.569
3015173	1825552	-90.949
3015228	1825323	-84.4
3015184	1825556	-93.459
3015173	1825566	-92.4
3014911	1825982	-113.519
3014587	1824802	-114.389
3015248	1825403	-87.139
3014906	1825969	-112.919
3014904	1825966	-112.65
3014590	1825949	-111.33
3014829	1826018	-113.489
3014903	1825963	-112.559
3014633	1824766	-107.86
3015184	1825608	-96.73
3015056	1825227	-90.91
3015126	1825458	-84.25
3014911	1825983	-113.79
3014847	1825943	-111.54
3015246	1825394	-85.97
3015182	1825601	-96.099
3014887	1826004	-110.97
3014581	1824827	-114.72
3014587	1825856	-111.889
3014860	1825938	-111.809
3015287	1825469	-90.97
3015065	1825257	-90.059
3015103	1825385	-85.41
3015291	1825468	-94.37
3014880	1826004	-110.87
3014782	1826034	-112.73
3015240	1825629	-104.449
3014757	1826042	-112.83
3015283	1825469	-91.83
3015085	1825320	-87.65
3015175	1825571	-92.44
3014879	1825933	-113.41
3015150	1825537	-89.919
3015245	1825391	-86.349
3015101	1825377	-85.97
3014864	1826008	-114.3
3014704	1826058	-114.599
