3016136	1825252	-81.5
3015104	1824624	-81.3
3015604	1824777	-85.889
3015104	1824642	-81.339
3016102	1825269	-81.069
3016152	1824763	-84.25
3014837	1824564	-93.04
3015487	1824518	-90.819
3015096	1824528	-83.739
3015104	1824639	-81.769
3015482	1824508	-91.029
3015092	1824337	-86.419
3016148	1824740	-93.18
3015608	1824788	-82.36
3016288	1825183	-85.51
3015104	1824628	-82.19
3016096	1825271	-81.54
3015091	1824311	-87.12
3015353	1824659	-80.19
3015094	1824448	-84.959
3015613	1824798	-82.489
3016152	1824751	-85.15
3016090	1825274	-81.639
3016070	1825283	-81.519
3016275	1825189	-85.91
3016291	1825181	-86.22
3015104	1824645	-82.65
3015092	1824346	-87.01
3016075	1825281	-81.769
3015129	1824755	-81.41
3015105	1824620	-82.989
3015438	1825461	-76.139
3015547	1824438	-92.9
3016107	1825266	-82.599
3016272	1825191	-86.15
3016129	1825255	-83.16
3015661	1825011	-78.419
3015105	1824648	-82.94
3014919	1823825	-94.589
3015352	1824677	-81.83
3015102	1824595	-83.839
3016058	1825287	-81.989
3016112	1825263	-83.22
3015610	1824793	-83.879
3014932	1823809	-94.879
3016114	1824788	-87.3
3015144	1824800	-80.15
3015315	1824611	-82.599
3016080	1825279	-82.76
3016086	1825276	-82.879
3015454	1824625	-84.83
3015638	1824856	-85.54
3015314	1824607	-82.91
3015098	1824556	-85.339
3015463	1824622	-82.459
3016126	1824781	-87.959
3014907	1823836	-95.339
3015334	1824653	-82.16
3015090	1824303	-88.93
3016149	1824768	-86.699
3015130	1824760	-82.79
3015546	1824429	-93.089
3014902	1823842	-95.48
3015128	1824750	-82.029
3016152	1824761	-86.93
3015547	1824424	-92.519
3015305	1824595	-88.639
3015101	1824585	-84.94
3016150	1824766	-86.989
3015334	1824652	-82.589
3015186	1825186	-69.819
3016143	1825249	-85.01
3015337	1824657	-82.569
3015449	1825485	-75.37
3015445	1824629	-85.949
3015719	1824984	-80.849
3016123	1825257	-84.79
3015479	1824614	-83.449
3015450	1824627	-86.709
3015344	1824661	-83.699
3015132	1824765	-83.11
3015436	1825457	-77.69
3015301	1824586	-89.66
3016118	1824785	-88.779
3015397	1824640	-92.029
3015401	1824638	-93.139
3015179	1825159	-71.279
3015190	1825195	-69.98
3015669	1825007	-80.18
3015158	1825093	-74.069
3016186	1825229	-87.019
3015188	1825190	-70.339
3016064	1825285	-83.98
3015112	1824691	-84.319
3015346	1824661	-83.15
3015114	1824695	-84.239
3015092	1824319	-90.169
3015442	1825468	-78.779
3015636	1824850	-88.01
3015294	1824570	-88.169
3015183	1825177	-70.93
3016263	1825195	-88.86
3014925	1823817	-96.569
3015104	1824612	-85.62
3014909	1823833	-96.68
3015121	1825016	-84.569
3015384	1824646	-87.11
3015094	1824457	-88.01
3015100	1824580	-86.04
3015103	1824604	-85.839
3016023	1825304	-83.239
3015100	1824574	-86.37
3015184	1825181	-70.97
3015139	1824788	-82.33
3015087	1824278	-91.37
3016106	1824793	-87.809
3015165	1825115	-73.599
3016028	1825301	-83.41
3015103	1824608	-85.879
3015085	1824268	-90.8
3015191	1825199	-70.3
3015819	1824940	-92.089
3015182	1825173	-71.349
3016122	1824783	-89.48
3016004	1825312	-82.919
3015333	1824651	-83.769
3015698	1824990	-81.919
3015960	1825331	-81.889
3015651	1825015	-80.72
3015166	1825120	-73.54
3015136	1824776	-82.8
3015752	1824970	-91.37
3015162	1825106	-74.15
3016151	1824765	-88.319
3015647	1825017	-79.36
3015716	1824987	-82.33
3015439	1824632	-84.069
3015192	1825204	-70.33
3014866	1824606	-89.76
3015446	1824618	-87.22
3015703	1825004	-87.699
3015146	1824806	-82.129
3016215	1825216	-89.919
3015154	1824826	-81.589
3016294	1825179	-89.37
3015155	1825085	-75.08
3015122	1825014	-83.349
3015194	1825208	-70.26
3015597	1824761	-86.73
3016148	1825246	-86.489
3015106	1824657	-85.61
3015889	1825360	-80.16
3016300	1825177	-89.559
3015713	1824988	-82.62
3015940	1824866	-85.889
3015491	1824527	-94.769
3015161	1825101	-74.65
3015721	1824984	-81.94
3015202	1825234	-69.459
3015298	1824579	-90.66
3015134	1824770	-83.309
3015783	1824956	-88.629
3015335	1824655	-84.089
3015314	1824609	-84.98
3015489	1824522	-94.949
3015163	1825110	-74.37
3015700	1824995	-83.459
3016146	1824770	-88.569
3015203	1824973	-78.599
3016034	1825298	-84.11
3016082	1824805	-87.309
3014862	1824595	-90.269
3015262	1825420	-82.55
3015100	1824568	-87.209
3015102	1824590	-86.699
3015435	1825454	-78.389
3015696	1824988	-80.5
3015176	1825151	-72.86
3015440	1825465	-79.739
3015340	1824660	-84.19
3015938	1825340	-81.94
3015262	1825411	-78.459
3015661	1825374	-79.72
3015316	1824613	-85.18
3015868	1825354	-79.849
3015105	1824651	-86.139
3015159	1825097	-75.19
3015102	1824599	-86.83
3015705	1825008	-88.059
3015197	1825221	-70.3
3015642	1825019	-78.669
3015180	1825164	-72.48
3015617	1824808	-86.389
3015152	1825074	-76.129
3015322	1825459	-72.099
3015153	1825081	-75.959
3015172	1825137	-73.779
3015173	1825142	-73.61
3015133	1825017	-78.279
3015998	1824617	-97.019
3015890	1825360	-80.919
3015614	1824803	-86.93
3015630	1824835	-89.26
3016297	1825178	-90.26
3015239	1825027	-75.709
3015195	1825212	-70.91
3015152	1824820	-82.62
3015141	1824793	-83.4
3015673	1825005	-81.69
3015085	1824270	-92.099
3016175	1825233	-87.889
3015085	1824258	-91.94
3015152	1825078	-76.239
3015459	1824624	-85.199
3014912	1823830	-98.089
3015097	1824541	-88.47
3015998	1825315	-84.01
3016154	1825244	-87.54
3015966	1825328	-83.239
3015317	1825462	-73.989
3015157	1825089	-75.97
3015096	1824498	-89.25
3015948	1825336	-82.839
3015121	1824722	-85.33
3015196	1825217	-70.98
3015206	1824967	-80.16
3015662	1825379	-80.65
3015107	1824662	-86.669
3015203	1825238	-70.43
3015487	1824610	-85.8
3015200	1825229	-70.709
3015355	1824658	-85.069
3015268	1824506	-93.33
3015433	1825451	-79.319
3015717	1824985	-83.62
3015149	1824813	-83.33
3014850	1824567	-91.809
3015697	1824994	-84.639
3015606	1824783	-87.69
3015117	1825013	-87.26
3015484	1824513	-96.459
3015170	1825131	-74.72
3015710	1824988	-82.029
3015366	1824654	-85.4
3015670	1824929	-88.0
3015994	1824619	-97.8
3015099	1825023	-88.41
3015542	1825112	-81.0
3015350	1824689	-86.209
3015674	1824936	-84.599
3015701	1824993	-84.69
3015763	1824948	-88.69
3015203	1824974	-80.12
3015703	1825003	-88.099
3015943	1825338	-83.309
3015535	1825072	-81.48
3015127	1824745	-85.43
3015085	1824253	-92.849
3015317	1824616	-86.389
3015621	1825011	-80.029
3015235	1825023	-76.87
3016191	1825227	-89.8
3015123	1824736	-85.769
3015470	1824608	-86.419
3015137	1824781	-84.69
3015205	1825242	-70.889
3015689	1824998	-82.23
3015168	1825125	-75.349
3015085	1824260	-92.86
3015092	1824397	-90.959
3014916	1823827	-99.08
3016165	1825238	-88.73
3016144	1824772	-90.22
3016117	1825260	-87.629
3015472	1824617	-86.36
3015088	1824283	-93.4
3015875	1825359	-81.629
3015427	1824637	-86.11
3015206	1825246	-70.949
3015085	1824250	-93.25
3015708	1824990	-82.61
3015156	1824832	-83.51
3015432	1825448	-79.16
3015151	1825071	-77.669
3015207	1825251	-70.87
3015665	1825009	-83.209
3015887	1825360	-82.139
3015199	1825225	-71.739
3015867	1825352	-81.47
3015085	1824265	-93.04
3015479	1824604	-86.879
3015118	1824712	-86.669
3016010	1825309	-85.519
3015465	1824473	-97.15
3015270	1824511	-95.379
3015229	1825018	-77.669
3015888	1825360	-82.349
3015092	1824328	-93.04
3015120	1825013	-86.919
3015656	1824996	-79.349
3015095	1824513	-90.319
3015667	1824919	-88.68
3015771	1824961	-91.089
3015150	1825067	-78.089
3015342	1824661	-87.0
3015681	1825422	-81.16
3015205	1824994	-82.449
3015204	1824960	-82.339
3015272	1824516	-95.529
3015465	1824610	-87.029
3016023	1824604	-98.86
3016136	1824777	-91.41
3015114	1824699	-87.239
3015660	1824994	-82.15
3015604	1825018	-79.339
3015096	1824521	-90.4
3015309	1824599	-87.559
3015706	1825011	-90.589
3015117	1824708	-87.12
3015865	1825350	-81.809
3015092	1824406	-91.55
3014868	1824613	-92.309
3015708	1825013	-89.419
3015110	1824675	-87.8
3015314	1824605	-87.48
3015259	1824488	-92.819
3016159	1825242	-89.3
3015296	1824575	-92.099
3015158	1824839	-83.91
3015546	1824435	-98.199
3015641	1824862	-90.36
3016144	1824732	-99.839
3015212	1824999	-87.599
3015107	1824665	-88.069
3015411	1824644	-88.55
3015276	1824525	-94.05
3015927	1825345	-83.879
3015078	1824082	-101.26
3015880	1825360	-82.48
3015275	1824520	-94.0
3015480	1824503	-97.44
3015794	1824950	-90.41
3015509	1824599	-87.599
3015106	1824653	-88.36
3015704	1824992	-85.5
3015317	1824618	-87.41
3015371	1824663	-86.5
3016110	1824790	-91.639
3015676	1824940	-85.8
3015700	1824997	-86.18
3015699	1824993	-85.98
3015202	1824976	-81.54
3016017	1825306	-86.36
3015451	1824616	-90.779
3015210	1825260	-71.349
3015433	1824634	-87.019
3015108	1824669	-88.23
3015657	1824895	-88.089
3015122	1824727	-87.069
3015160	1824845	-84.04
3015373	1824651	-86.83
3015119	1824717	-87.309
3015085	1824256	-94.059
3015142	1825033	-79.87
3015441	1824619	-88.68
3015125	1824740	-86.849
3015142	1825036	-79.809
3015525	1824602	-87.809
3015211	1825264	-71.29
3015395	1824652	-93.76
3015419	1824631	-87.26
3015118	1825017	-89.47
3015240	1825029	-77.849
3016196	1825225	-91.41
3016201	1825223	-91.76
3015206	1824967	-82.15
3015089	1824296	-93.83
3015350	1824685	-87.709
3015674	1824988	-83.809
3015350	1824660	-86.919
3016180	1825231	-90.79
3015428	1824626	-87.489
3016146	1824736	-100.37
3015720	1824967	-84.279
3015992	1825318	-86.15
3015900	1825356	-83.69
3015948	1824863	-87.75
3015086	1824222	-95.889
3015320	1824626	-87.779
3015095	1824483	-91.639
3015406	1824647	-95.33
3015909	1825353	-84.08
3015149	1825063	-79.26
3015086	1824219	-96.339
3015483	1824612	-87.959
3015627	1824829	-92.099
3015111	1824683	-88.51
3016210	1825218	-93.209
3015297	1825467	-78.4
3015092	1824354	-93.169
3015219	1825011	-79.139
3015681	1825001	-84.22
3015112	1824687	-88.5
3015106	1824659	-89.05
3015637	1825005	-80.73
3015903	1825357	-84.08
3016002	1824615	-99.849
3015517	1824587	-88.66
3016138	1824775	-91.889
3015600	1825021	-80.47
3015326	1824638	-87.849
3015300	1824583	-94.19
3015669	1824923	-89.959
3015209	1825255	-72.25
3015238	1825025	-78.599
3015830	1824935	-95.51
3016133	1824778	-92.94
3015370	1824653	-87.54
3015122	1824731	-87.769
3015339	1824660	-87.519
3015105	1824616	-89.75
3015663	1824993	-84.099
3015157	1825006	-91.16
3015602	1824772	-92.54
3015898	1825357	-84.12
3015833	1825282	-83.47
3015707	1824973	-83.569
3016101	1824796	-91.19
3015756	1824968	-94.169
3015098	1825017	-89.809
3015609	1825016	-80.809
3015166	1825003	-91.15
3016685	1824378	-104.33
3015824	1824938	-97.279
3015659	1824899	-89.809
3015213	1825272	-72.0
3015498	1824595	-88.79
3015923	1825347	-84.989
3015354	1824701	-86.87
3015500	1824604	-88.669
3015624	1824824	-91.059
3015316	1824614	-88.65
3015130	1825013	-81.639
3015363	1824656	-87.79
3015713	1825021	-89.19
3015648	1825001	-80.76
3015656	1825013	-85.059
3015714	1825024	-88.22
3015918	1825350	-84.98
3015590	1824555	-95.91
3015216	1825279	-72.01
3015336	1824656	-87.94
3015367	1824664	-87.709
3015446	1825476	-79.91
3016138	1824717	-101.279
3015204	1824970	-82.959
3015829	1825273	-82.29
3016075	1824587	-100.139
3015467	1824620	-88.489
3015422	1824639	-88.199
3015679	1824985	-84.79
3016142	1824728	-101.419
3015509	1824590	-89.19
3015650	1824880	-86.529
3015673	1824989	-84.839
3016119	1824671	-101.23
3015932	1825342	-85.529
3015104	1824633	-90.0
3015215	1825276	-72.23
3015538	1825102	-83.839
3015513	1824596	-89.22
3015871	1825357	-83.839
3015162	1824850	-85.33
3015704	1825006	-92.019
3015217	1825008	-80.16
3015205	1824967	-84.91
3015086	1824228	-96.309
3015177	1825155	-76.73
3016036	1824597	-100.12
3015230	1825019	-79.79
3015197	1824984	-86.389
3015913	1825351	-85.279
3015085	1824264	-95.29
3015892	1825359	-84.669
3015218	1825285	-72.319
3015633	1825023	-81.169
3015533	1825075	-84.629
3015341	1825454	-79.129
3015332	1824649	-88.54
3015447	1825480	-80.87
3014834	1824564	-101.669
3016206	1825220	-94.01
3015520	1824592	-89.58
3015351	1824692	-89.15
3015986	1825320	-87.33
3015678	1825003	-85.37
3015545	1825119	-83.919
3015671	1824989	-85.16
3015148	1825056	-80.709
3015505	1824591	-89.61
3015844	1825310	-84.779
3015324	1825458	-75.69
3015131	1825016	-82.23
3015081	1824102	-102.01
3015215	1825005	-80.559
3015294	1824568	-93.22
3015297	1824577	-94.68
3015863	1825347	-83.9
3015716	1825028	-88.559
3015615	1825013	-81.889
3016049	1824819	-91.199
3015757	1824950	-89.58
3015205	1824968	-85.519
3015287	1824553	-95.239
3015143	1825039	-81.5
3015146	1825048	-81.18
3015160	1825005	-92.239
3016220	1825214	-95.0
3015148	1825061	-80.839
3015385	1824656	-93.069
3015607	1825258	-82.269
3015388	1824644	-94.099
3015807	1824945	-93.87
3015115	1824703	-89.559
3015304	1824592	-94.86
3015124	1825016	-86.65
3015979	1825323	-87.489
3015621	1825287	-82.139
3015109	1824672	-90.19
3015282	1824540	-96.41
3015405	1824637	-98.72
3015314	1824606	-89.779
3015285	1824549	-96.47
3015112	1825014	-90.819
3015691	1824977	-85.16
3015687	1824982	-85.309
3015652	1824998	-81.889
3015144	1825042	-81.589
3015905	1824903	-92.809
3015161	1825003	-92.129
3016010	1824611	-101.43
3015973	1825326	-87.459
3015594	1825023	-81.72
3015201	1824952	-85.889
3015725	1824983	-86.44
3015142	1825041	-81.75
3015548	1825126	-84.309
3015766	1824963	-94.239
3015622	1825288	-82.889
3015495	1824537	-97.279
3015141	1825030	-82.139
3015277	1825461	-83.69
3015433	1824624	-89.449
3015140	1825034	-82.05
3015702	1825001	-87.19
3015206	1824965	-83.559
3015907	1825355	-85.809
3015494	1824607	-89.819
3015474	1824606	-89.819
3015493	1824597	-90.029
3015174	1825000	-91.05
3015360	1824657	-89.0
3015897	1825357	-85.54
3015085	1824138	-101.459
3015519	1824589	-90.279
3015493	1824531	-99.76
3015127	1825014	-82.949
3015569	1824564	-96.76
3015319	1824623	-89.809
3015087	1824177	-99.959
3015093	1825026	-91.349
3015678	1824986	-86.0
3015139	1825031	-82.339
3015299	1824581	-95.98
3015497	1824605	-90.029
3015164	1825001	-92.309
3016140	1824723	-102.569
3015752	1824952	-86.879
3015148	1825060	-81.339
3015085	1824234	-96.93
3015693	1824996	-86.72
3015460	1824612	-90.73
3015647	1824875	-87.36
3016170	1825236	-92.339
3015523	1824598	-90.33
3015093	1824363	-94.919
3015665	1824914	-91.48
3016148	1824769	-93.879
3015112	1825019	-92.04
3015203	1824971	-83.66
3015896	1825358	-85.809
3015484	1824602	-90.239
3015313	1824604	-90.389
3015521	1824594	-90.48
3015301	1824585	-95.86
3015202	1824975	-84.08
3015202	1824977	-84.29
3015905	1825356	-86.129
3015164	1824856	-86.33
3015207	1824995	-85.76
3015723	1824965	-86.43
3015380	1824648	-90.919
3015145	1825045	-82.11
3015085	1824262	-96.589
3015085	1824241	-97.04
3015873	1825358	-85.19
3015094	1824465	-94.08
3015444	1825472	-81.23
3015280	1824533	-96.08
3015609	1825034	-86.36
3015609	1825261	-81.93
3015584	1825028	-82.209
3015649	1824527	-92.489
3015723	1824983	-87.3
3015430	1825445	-82.489
3015594	1824756	-91.849
3015685	1825000	-86.349
3015909	1824901	-92.55
3016040	1824595	-101.33
3015284	1824545	-97.279
3015835	1824933	-97.75
3015731	1824961	-85.11
3015990	1824621	-102.05
3015624	1825027	-83.089
3015622	1824819	-91.879
3015392	1824642	-94.709
3015536	1824627	-90.26
3015154	1825007	-93.339
3015206	1824966	-84.639
3015626	1825009	-82.12
3016137	1824712	-102.93
3015423	1825430	-78.43
3015241	1825362	-75.12
3015589	1825025	-82.459
3015315	1825462	-78.61
3015489	1824599	-90.79
3015286	1824551	-96.61
3015475	1824616	-90.419
3015669	1824990	-86.51
3015468	1824479	-99.489
3015183	1824899	-85.4
3015169	1825002	-93.3
3015510	1824572	-91.419
3015986	1824623	-102.239
3015870	1825356	-85.48
3015885	1824896	-91.839
3015666	1824991	-86.48
3016141	1824774	-94.309
3015562	1824683	-90.889
3015377	1824650	-90.0
3015959	1824858	-90.819
3015143	1825044	-82.68
3015108	1825015	-92.04
3015303	1824590	-96.19
3015115	1825018	-92.629
3015151	1825006	-93.339
3016096	1824798	-93.459
3015882	1825360	-86.029
3015292	1824564	-94.309
3015632	1824842	-95.089
3015689	1824968	-86.44
3015206	1824964	-83.449
3015745	1825089	-89.15
3015619	1825029	-83.86
3015163	1825004	-93.569
3015102	1825016	-92.22
3015171	1824998	-93.04
3015278	1824529	-96.849
3015097	1824535	-93.769
3015643	1825003	-83.79
3015716	1824969	-87.47
3015184	1825186	-77.459
3015187	1825193	-77.18
3015172	1825001	-93.55
3016015	1824609	-102.809
3015979	1824849	-91.419
3015729	1824981	-87.309
3015224	1825015	-81.83
3015590	1825222	-81.019
3015758	1825115	-89.01
3015197	1824994	-89.669
3015426	1825437	-81.18
3015204	1824969	-85.639
3015284	1824546	-97.889
3015351	1824678	-90.809
3015096	1825025	-93.47
3015086	1824213	-99.709
3015604	1825251	-83.9
3015245	1825036	-80.879
3016142	1824773	-94.69
3015195	1824930	-86.47
3015225	1825016	-81.889
3015214	1825003	-82.4
3015850	1825322	-86.779
3015456	1824614	-93.41
3015099	1824562	-93.5
3015768	1824945	-94.94
3015231	1825019	-81.8
3015900	1824905	-94.66
3015240	1825358	-75.589
3015860	1825342	-86.37
3015532	1825082	-86.26
3015096	1824506	-94.529
3015846	1824928	-98.54
3015240	1825355	-75.489
3015236	1825024	-81.58
3015573	1824708	-92.55
3015313	1824603	-91.449
3015631	1825007	-83.769
3015539	1825106	-86.139
3015149	1825065	-82.389
3015856	1824923	-97.47
3015185	1824903	-85.83
3015147	1825052	-82.839
3015788	1824953	-94.349
3015614	1825032	-84.8
3015084	1824146	-102.269
3015738	1825074	-89.72
3015547	1825123	-85.87
3015534	1825073	-86.639
3015688	1824981	-86.94
3015747	1824955	-86.33
3015652	1824885	-89.4
3015201	1824978	-85.51
3015818	1825247	-85.01
3015718	1825033	-90.5
3015851	1824925	-96.849
3015894	1825358	-86.97
3015550	1825134	-86.0
3015829	1824920	-93.11
3015195	1824986	-88.959
3015424	1825432	-79.849
3015558	1824569	-98.069
3015672	1824933	-89.48
3015540	1825109	-86.36
3016077	1824808	-93.75
3015725	1824982	-88.15
3015306	1825171	-75.0
3015698	1824977	-86.9
3015227	1825017	-82.22
3015512	1824575	-92.19
3015124	1825014	-86.879
3015742	1824957	-86.44
3015564	1824689	-92.309
3015156	1825093	-81.739
3015234	1825021	-82.099
3015318	1825460	-78.44
3015192	1824995	-91.129
3015181	1825171	-78.639
3015241	1825365	-76.22
3015670	1824990	-87.51
3016043	1824821	-93.279
3015554	1825142	-86.019
3015695	1824985	-87.12
3015685	1824983	-87.37
3015203	1824957	-87.449
3015202	1824974	-85.43
3015711	1825018	-93.169
3015340	1825453	-80.19
3015428	1825442	-83.379
3015115	1825014	-92.989
3015524	1824600	-91.879
3015503	1824603	-91.769
3015464	1825517	-85.87
3015846	1825314	-87.25
3015363	1824666	-90.669
3015175	1824996	-91.129
3015324	1824635	-91.319
3016129	1824779	-96.629
3015569	1825053	-87.279
3015502	1824593	-92.029
3015409	1824635	-94.639
3015187	1824907	-86.18
3015337	1825454	-79.5
3015295	1824574	-96.3
3015727	1824963	-86.25
3015439	1824414	-101.44
3015273	1825461	-84.72
3015338	1825454	-80.069
3015183	1825182	-78.459
3015204	1824968	-86.79
3015239	1825351	-76.11
3015579	1825031	-83.629
3015727	1824981	-88.319
3015105	1825015	-93.16
3015709	1825015	-94.01
3015555	1824457	-97.33
3015664	1825385	-86.97
3015033	1825037	-94.849
3015194	1824928	-86.79
3015110	1824679	-92.43
3015059	1825037	-95.339
3015357	1824707	-90.11
3015203	1824972	-85.599
3015823	1825257	-85.3
3015599	1825039	-88.129
3015139	1825012	-84.91
3015126	1825015	-85.089
3015951	1824861	-91.919
3016092	1824800	-94.629
3015880	1824898	-92.93
3016153	1824757	-95.98
3015141	1825038	-84.19
3015701	1825000	-88.55
3015516	1824587	-92.559
3015148	1825008	-88.8
3015580	1825048	-87.959
3015249	1825040	-81.599
3015538	1824631	-91.769
3015954	1825333	-89.419
3015672	1824516	-100.12
3015086	1824274	-99.059
3015295	1824572	-96.5
3015186	1825190	-78.51
3015188	1824990	-90.389
3015202	1824953	-88.25
3015150	1825070	-83.169
3015092	1824389	-96.66
3015878	1825360	-87.3
3015353	1824698	-90.569
3015955	1824859	-92.239
3015096	1824491	-95.9
3015818	1824926	-94.4
3015400	1824649	-101.739
3015284	1825119	-78.209
3015088	1824189	-101.68
3015886	1825360	-87.669
3015177	1824999	-90.959
3016116	1824664	-104.48
3015093	1824439	-96.25
3015681	1824984	-88.269
3015748	1825094	-90.919
3015813	1825237	-85.86
3016044	1824594	-103.05
3015621	1825286	-84.629
3015736	1825069	-91.139
3015428	1824389	-101.489
3015380	1824659	-93.319
3015241	1825030	-82.519
3015067	1825034	-95.599
3015773	1824942	-96.18
3015463	1824467	-102.75
3015779	1824940	-95.94
3015190	1824915	-86.73
3015182	1824993	-90.15
3015281	1824536	-98.55
3015422	1825428	-79.709
3015336	1825454	-79.769
3015544	1825046	-86.419
3015691	1824974	-88.089
3015421	1825427	-79.65
3015340	1825454	-81.98
3015731	1825060	-91.37
3015140	1825011	-85.48
3015201	1825237	-77.239
3015549	1824655	-91.779
3015893	1825359	-88.169
3014895	1824694	-97.37
3015320	1825389	-77.599
3015848	1825318	-88.23
3015750	1825099	-90.919
3015604	1824549	-95.569
3015853	1824909	-94.61
3015511	1824598	-92.87
3015761	1824966	-97.66
3015532	1825083	-87.8
3015278	1825104	-79.26
3015675	1824987	-88.72
3015541	1825047	-86.86
3016124	1824684	-103.61
3015513	1824578	-93.36
3015318	1824621	-92.65
3015089	1824289	-99.11
3015638	1825021	-84.25
3016225	1825212	-98.389
3015489	1824998	-91.589
3015423	1824628	-92.389
3016267	1825193	-96.87
3015535	1825092	-87.73
3015712	1824970	-89.339
3015194	1824926	-88.18
3015320	1825458	-78.379
3015268	1825083	-80.419
3015522	1824596	-93.129
3015861	1824920	-97.91
3015676	1824986	-88.849
3015956	1824636	-103.61
3015755	1825110	-91.169
3016002	1824839	-94.319
3015272	1825404	-84.3
3015155	1825005	-95.44
3015589	1825043	-88.55
3015261	1824492	-99.73
3015167	1825000	-95.18
3015287	1824555	-98.809
3016122	1824677	-105.29
3015526	1824603	-93.069
3015350	1824687	-92.889
3015328	1824644	-92.47
3015580	1825197	-86.29
3015532	1825079	-88.339
3015662	1824908	-93.099
3015236	1825341	-76.72
3015660	1824522	-97.05
3015292	1824566	-96.62
3015182	1825178	-79.809
3015193	1824922	-88.4
3015690	1824981	-88.66
3015551	1824448	-102.72
3015566	1824693	-94.33
3015313	1825461	-79.94
3015166	1824862	-89.01
3015629	1825025	-85.15
3015247	1825038	-82.79
3015199	1824994	-91.989
3015701	1824999	-89.5
3015678	1824514	-101.26
3015339	1825454	-81.98
3015330	1825386	-77.11
3015197	1824985	-90.61
3015549	1824573	-94.0
3014884	1824663	-97.44
3015138	1825020	-85.86
3015181	1825175	-80.08
3016019	1824606	-104.93
3015198	1825228	-78.129
3015192	1824919	-88.33
3016027	1824602	-104.699
3015183	1824999	-91.519
3015602	1825248	-83.48
3015242	1825368	-77.86
3015195	1824933	-86.9
3015188	1824911	-87.55
3015198	1824983	-90.169
3015514	1824581	-93.79
3015800	1824947	-96.22
3015497	1824542	-98.04
3015226	1825309	-76.089
3015303	1825165	-77.05
3015064	1825029	-95.66
3015549	1825130	-87.879
3015645	1824870	-91.3
3015290	1824561	-96.79
3015997	1824841	-94.76
3015102	1825022	-95.449
3015200	1824994	-92.069
3015224	1825302	-76.18
3015337	1825453	-80.199
3015323	1825457	-78.639
3015532	1825077	-89.019
3016023	1824830	-94.69
3014822	1824567	-105.98
3015519	1824585	-93.91
3015186	1824991	-91.489
3015250	1825414	-85.339
3015884	1825360	-88.73
3015831	1825277	-88.489
3015733	1825065	-92.44
3015238	1825348	-77.72
3015361	1824668	-92.459
3015859	1825339	-89.419
3015701	1824976	-88.889
3015214	1825002	-84.889
3015561	1825155	-87.69
3015543	1825115	-88.37
3015438	1824622	-93.319
3015266	1825079	-81.41
3016031	1824600	-104.94
3015172	1824872	-89.25
3015527	1824582	-94.23
3015158	1825004	-96.169
3015302	1824588	-99.339
3015515	1824584	-94.169
3015687	1825433	-85.25
3015730	1824981	-89.94
3015173	1824877	-89.169
3016085	1824596	-105.05
3015669	1825395	-88.989
3015820	1825252	-86.879
3015558	1825148	-87.919
3015093	1824430	-97.709
3015815	1825242	-87.33
3015259	1825059	-82.29
3015825	1825262	-87.639
3015133	1825013	-86.72
3015824	1824923	-95.65
3015416	1824642	-93.099
3015967	1824855	-93.959
3015300	1825155	-78.0
3015158	1825097	-83.8
3015223	1825014	-84.68
3015338	1824658	-93.019
3015690	1825439	-89.069
3015151	1825008	-95.62
3015390	1824654	-98.309
3015052	1825032	-96.48
3015552	1824451	-99.9
3015129	1825015	-86.91
3015586	1825209	-83.989
3015740	1825078	-92.3
3015138	1825028	-86.389
3015298	1825467	-84.33
3015576	1824718	-91.879
3015875	1824900	-95.559
3015511	1824589	-94.349
3015175	1824880	-89.33
3015200	1824981	-89.0
3015201	1824977	-88.099
3015988	1824845	-94.629
3015202	1824955	-90.379
3015785	1824939	-97.199
3015147	1825057	-85.47
3015852	1825326	-89.73
3015293	1825466	-83.05
3016151	1824748	-100.309
3015694	1824983	-89.589
3015498	1825019	-92.349
3015348	1824661	-93.16
3015506	1824601	-94.209
3015885	1825360	-89.379
3015195	1824934	-87.739
3015604	1825036	-90.08
3015594	1825041	-89.97
3015557	1824672	-93.01
3015556	1825145	-88.389
3015610	1825264	-81.72
3015200	1824950	-89.66
3015273	1825096	-81.129
3015537	1825099	-89.12
3015857	1824907	-95.72
3015199	1824982	-90.849
3015921	1824883	-96.22
3015196	1824994	-92.989
3015527	1824605	-94.279
3015311	1824601	-94.51
3015575	1824713	-94.879
3015805	1825216	-93.44
3015134	1825019	-87.01
3015191	1824988	-92.709
3015138	1825015	-87.08
3015188	1824997	-93.3
3015947	1824640	-104.9
3015742	1825083	-93.05
3015190	1824996	-93.569
3015206	1824994	-89.73
3015164	1825116	-83.58
3015736	1824959	-89.059
3015237	1825344	-78.239
3015608	1825260	-87.04
3015180	1825167	-81.519
3015835	1825287	-89.47
3015813	1824928	-96.58
3015210	1824998	-88.87
3015198	1824944	-89.199
3015556	1824460	-100.699
3015093	1824423	-98.41
3015199	1824948	-89.239
3016129	1824696	-104.41
3016060	1824815	-96.37
3015279	1825110	-80.72
3015605	1825254	-87.269
3015218	1825009	-85.5
3015551	1825043	-87.73
3015091	1825020	-95.8
3015573	1825182	-88.11
3015207	1825253	-78.529
3015209	1824996	-89.86
3015152	1825079	-85.11
3015726	1824982	-91.059
3015695	1824978	-89.98
3015619	1824814	-90.47
3015205	1825250	-78.699
3015727	1825051	-93.269
3015767	1825135	-94.94
3016006	1824837	-95.529
3015532	1825081	-89.62
3015666	1825390	-89.779
3015243	1825371	-79.269
3016072	1824810	-96.779
3016149	1824745	-105.16
3015244	1825033	-84.519
3015682	1824953	-88.389
3015312	1824602	-94.879
3015086	1824169	-104.889
3015862	1824905	-95.699
3015313	1824602	-94.93
3015138	1825017	-87.44
3015162	1825112	-84.129
3015276	1825100	-81.419
3015201	1824980	-89.0
3015862	1825345	-89.199
3015250	1825043	-84.029
3015284	1824542	-101.4
3015552	1824660	-93.849
3015574	1825050	-90.12
3015265	1825075	-82.68
3015509	1824568	-95.589
3015190	1825202	-80.66
3015295	1825466	-84.04
3015195	1824994	-93.809
3015178	1825160	-82.25
3015907	1824887	-94.879
3015275	1825403	-86.279
3015425	1825434	-83.91
3016113	1824658	-105.769
3015553	1825138	-89.309
3015720	1825037	-93.97
3015919	1824883	-96.989
3015837	1825293	-90.169
3015318	1825459	-80.98
3015196	1824936	-89.779
3015202	1824994	-91.54
3016066	1824813	-97.029
3015142	1825009	-87.879
3015578	1825194	-88.379
3015582	1825201	-84.029
3015683	1824983	-90.8
3015652	1825355	-89.18
3015208	1824995	-90.519
3015075	1825026	-95.089
3015197	1824943	-88.43
3015197	1824942	-88.459
3015693	1824979	-90.55
3015170	1825135	-83.54
3015286	1825124	-80.72
3015575	1825032	-86.61
3015398	1824329	-102.43
3015528	1824610	-94.98
3015975	1824851	-95.43
3015877	1824914	-97.279
3015678	1824944	-88.97
3015679	1825417	-91.169
3015330	1825455	-80.68
3015564	1825162	-89.089
3015538	1825048	-89.5
3015355	1824673	-93.949
3015538	1825069	-89.5
3015138	1825023	-87.73
3015205	1824962	-89.519
3015322	1824632	-94.819
3015576	1825190	-88.779
3015570	1825034	-86.889
3015138	1825016	-87.98
3015684	1824957	-89.989
3015263	1825068	-83.379
3016099	1824625	-106.099
3015554	1825041	-87.709
3015560	1824679	-94.98
3015801	1825206	-95.61
3015214	1825278	-78.62
3015606	1825256	-88.099
3015141	1825028	-87.65
3015403	1825388	-74.769
3015138	1825019	-87.97
3015810	1825231	-87.75
3015537	1825070	-89.93
3015803	1824933	-97.849
3015559	1825152	-89.5
3015153	1825084	-85.809
3015527	1825052	-90.98
3015992	1824843	-96.059
3015422	1824377	-104.16
3015539	1824635	-94.919
3015623	1825291	-88.839
3015499	1824546	-96.62
3016132	1824702	-106.44
3015281	1825114	-81.55
3015229	1825319	-78.33
3015243	1825032	-85.41
3015088	1824199	-103.949
3015854	1825329	-91.12
3015527	1824608	-95.459
3015565	1825054	-90.61
3016048	1824593	-106.04
3015970	1824853	-95.809
3015168	1825129	-84.269
3015839	1824916	-97.16
3015420	1825425	-81.959
3015339	1825453	-83.529
3015765	1825129	-95.709
3015925	1824883	-97.47
3015777	1824958	-99.349
3015201	1824979	-89.83
3015218	1825287	-78.739
3015565	1825165	-89.599
3015232	1825020	-86.23
3015568	1824698	-97.04
3015840	1825297	-90.889
3015375	1824661	-94.68
3015196	1824939	-89.18
3015204	1824959	-90.629
3015547	1825045	-89.319
3015222	1825013	-86.569
3016039	1824823	-97.269
3015205	1824963	-90.389
3015331	1825456	-82.47
3015138	1825026	-88.23
3015201	1824994	-93.559
3015827	1825267	-89.66
3016087	1824803	-98.199
3015760	1825120	-94.51
3015849	1824912	-98.04
3015546	1824650	-95.05
3015856	1825333	-91.569
3015834	1824918	-97.37
3015299	1825467	-86.309
3015343	1825382	-78.519
3015533	1825085	-90.879
3015228	1825316	-78.739
3015535	1824624	-95.599
3015146	1825008	-90.08
3015574	1825186	-89.569
3015491	1825003	-94.65
3015728	1824982	-92.349
3015619	1825284	-87.099
3015536	1825097	-90.97
3015912	1824900	-96.639
3015303	1825466	-86.05
3015357	1824657	-95.169
3015165	1825121	-85.089
3015169	1824867	-91.8
3015927	1824886	-95.919
3015289	1824557	-100.059
3015405	1825392	-75.68
3015618	1824543	-97.75
3015215	1825007	-87.269
3015480	1824979	-95.83
3015265	1825072	-84.139
3016096	1824618	-107.169
3015261	1825063	-84.559
3015289	1825129	-81.599
3015566	1825036	-87.76
3015057	1825030	-98.669
3015655	1825364	-90.769
3015917	1824884	-98.449
3014904	1824726	-101.05
3015494	1825012	-94.949
3015584	1825046	-92.15
3016072	1824586	-107.91
3015186	1824998	-95.16
3015872	1824917	-99.62
3015092	1824414	-100.58
3015208	1825258	-80.279
3015139	1825025	-88.919
3015216	1825283	-79.65
3016034	1824826	-97.889
3015690	1824971	-91.989
3015658	1825369	-90.949
3015427	1825439	-87.089
3015923	1824883	-98.389
3015533	1825084	-91.449
3015178	1824995	-92.379
3015298	1825151	-80.87
3015654	1824890	-94.839
3015088	1824183	-106.379
3015533	1824620	-96.309
3015562	1825159	-90.589
3015221	1825012	-87.44
3015329	1825456	-82.66
3015722	1825041	-95.62
3016028	1824828	-97.9
3015464	1824943	-97.05
3015514	1824588	-96.959
3016101	1824632	-109.54
3015302	1825466	-86.47
3015304	1825466	-86.75
3015692	1824980	-92.129
3015491	1824608	-96.54
3015857	1825336	-92.419
3015327	1825456	-82.16
3015927	1824889	-96.61
3015654	1825360	-90.97
3015561	1825056	-92.25
3015685	1825428	-86.47
3015234	1825337	-80.18
3015301	1825466	-86.489
3015327	1825221	-79.23
3015148	1825007	-93.79
3015541	1824640	-96.18
3015540	1824577	-97.459
3015900	1824891	-97.069
3015321	1824629	-96.489
3015161	1825107	-86.419
3015270	1825087	-84.16
3015140	1825010	-89.699
3015252	1825046	-85.93
3015963	1824856	-96.91
3015621	1825285	-88.68
3016067	1824586	-108.94
3015320	1825460	-84.019
3015791	1824937	-99.83
3015293	1825140	-81.72
3015295	1825145	-81.519
3015199	1824946	-92.3
3015763	1825124	-96.889
3015569	1825172	-90.65
3015167	1825125	-85.76
3015535	1825094	-91.919
3015193	1825215	-82.33
3015671	1825401	-92.419
3015654	1824525	-99.069
3015558	1825039	-88.989
3015492	1825007	-95.65
3015312	1825462	-84.47
3015802	1825211	-97.33
3015304	1825392	-82.47
3015320	1825202	-78.93
3015359	1824670	-95.839
3015983	1824847	-97.489
3015197	1825224	-82.029
3016104	1824638	-108.589
3015844	1824914	-98.319
3015290	1825397	-83.98
3015512	1825050	-91.389
3015366	1825372	-76.739
3015326	1825457	-83.11
3015255	1825052	-85.839
3015572	1825178	-90.669
3015590	1824746	-97.65
3016069	1824586	-109.389
3015553	1825060	-92.099
3015301	1825162	-81.019
3015529	1824612	-97.04
3015496	1825015	-95.51
3015567	1825169	-90.97
3015532	1825080	-92.279
3015473	1824960	-97.099
3015307	1825176	-80.44
3015406	1825394	-76.779
3015193	1824987	-95.139
3015624	1825294	-90.61
3015562	1825038	-88.959
3015753	1825104	-95.3
3015486	1824993	-95.449
3015308	1824598	-97.58
3015797	1824934	-100.0
3015312	1824601	-97.529
3015471	1824956	-97.349
3015517	1825053	-92.18
3015074	1825032	-97.12
3015145	1825009	-90.19
3015327	1824642	-96.83
3015281	1825400	-84.989
3015253	1825049	-86.309
3016059	1824589	-108.05
3015204	1824994	-92.47
3015581	1824726	-94.949
3016018	1824832	-98.569
3015501	1824551	-98.519
3015317	1825460	-84.11
3015632	1825315	-90.86
3015324	1825214	-80.8
3015194	1824995	-96.91
3015245	1825374	-82.129
3015688	1824965	-92.849
3016055	1824817	-99.349
3015194	1824986	-95.15
3015557	1825057	-92.199
3015610	1825262	-87.589
3015407	1825395	-77.739
3015230	1825331	-80.839
3014900	1824710	-102.55
3015182	1824895	-92.41
3015291	1825134	-82.739
3015579	1824722	-95.309
3015180	1824999	-92.93
3015278	1825401	-85.51
3015660	1824904	-98.93
3015362	1825375	-78.339
3015335	1825453	-83.29
3016127	1824690	-106.93
3015628	1825307	-91.15
3015196	1824938	-91.209
3015526	1825052	-93.269
3015505	1824562	-98.599
3015611	1825266	-83.0
3015300	1825466	-87.44
3015326	1825387	-82.029
3015592	1824751	-98.75
3015335	1825454	-84.44
3015530	1824614	-97.73
3015843	1825305	-93.18
3015623	1825289	-91.199
3015541	1825067	-91.699
3015349	1825380	-79.98
3015571	1825176	-91.58
3015926	1824891	-97.949
3015571	1824703	-99.279
3015709	1824972	-92.98
3015419	1825421	-82.86
3015916	1824898	-98.389
3016107	1824644	-104.97
3015914	1824884	-99.849
3015484	1824989	-96.389
3015177	1824885	-93.15
3015061	1825029	-100.26
3015623	1824541	-99.699
3015680	1824948	-91.86
3015232	1825325	-80.91
3015926	1824884	-99.449
3015399	1824804	-99.29
3015478	1824975	-97.9
3015234	1825333	-81.319
3015081	1825023	-97.919
3015309	1824600	-98.389
3015196	1824940	-91.589
3015554	1824666	-97.11
3015332	1825455	-84.389
3015808	1824930	-100.54
3015414	1824633	-97.699
3015588	1825218	-88.55
3015249	1825409	-87.55
3015676	1825412	-94.04
3015511	1825048	-92.47
3015544	1824645	-97.61
3015257	1825055	-87.0
3015305	1825466	-88.339
3015507	1824565	-99.209
3015586	1825213	-88.73
3015322	1825388	-82.97
3015524	1825053	-93.989
3016052	1824591	-108.739
3015482	1824984	-98.089
3015674	1825406	-94.05
3015397	1825375	-78.199
3015896	1824893	-99.01
3015626	1825301	-92.089
3015312	1825464	-87.83
3015333	1825455	-85.18
3015335	1825238	-78.889
3015398	1825379	-78.62
3015624	1825296	-92.099
3015510	1825048	-92.879
3015404	1825391	-78.5
3015409	1825400	-79.62
3015227	1825319	-81.79
3015220	1825291	-81.79
3015904	1824889	-99.0
3015462	1824938	-99.3
3015297	1825395	-85.41
3015583	1824731	-96.37
3015534	1825090	-93.9
3015808	1825226	-91.4
3015396	1824795	-100.18
3015179	1824890	-94.0
3015921	1824895	-99.23
3015623	1825292	-92.4
3015616	1825277	-87.44
3015283	1825399	-86.51
3015466	1824947	-99.559
3015239	1825365	-83.97
3015139	1825013	-92.029
3015142	1825010	-92.089
3015398	1825380	-79.37
3015225	1825308	-82.089
3015337	1825384	-82.58
3015516	1825052	-94.22
3015271	1825091	-86.58
3015508	1825041	-92.819
3015171	1825140	-87.79
3015724	1825046	-98.879
3015728	1825056	-98.669
3015417	1825418	-84.069
3015841	1825302	-94.93
3015630	1825311	-93.08
3015532	1825050	-94.61
3015507	1825038	-93.019
3015334	1825454	-85.72
3015530	1825051	-94.839
3015312	1825186	-82.37
3015618	1825280	-89.25
3015625	1825299	-93.139
3015418	1825420	-84.489
3015476	1824970	-99.55
3015891	1824894	-100.44
3015401	1825384	-79.199
3015588	1824741	-99.83
3015229	1825327	-82.83
3015291	1824562	-103.019
3015411	1825404	-81.26
3015420	1825423	-85.089
3015510	1825045	-93.769
3015618	1825281	-89.79
3015362	1825298	-81.559
3015317	1825195	-82.19
3015795	1825195	-98.089
3015549	1825062	-92.889
3015611	1825265	-85.18
3015231	1825337	-83.62
3015375	1825324	-78.47
3015542	1825065	-93.68
3015313	1825392	-86.01
3015515	1825052	-94.809
3015599	1825239	-85.26
3015618	1825282	-90.319
3015247	1825379	-84.79
3015241	1825374	-85.089
3015537	1824578	-100.76
3015410	1825402	-81.25
3015522	1825053	-95.65
3015509	1825044	-93.949
3015500	1825023	-97.44
3015627	1825304	-93.699
3015322	1825209	-83.73
3015359	1825289	-82.349
3016110	1824651	-107.839
3015240	1825369	-85.059
3015404	1825389	-79.54
3015360	1825376	-81.22
3015686	1824961	-95.33
3015509	1825043	-93.65
3015333	1825385	-83.91
3015520	1825053	-95.769
3015644	1824530	-102.349
3015924	1824894	-100.58
3015333	1825232	-80.98
3015310	1825464	-89.309
3015138	1825018	-93.169
3015331	1825455	-86.379
3015474	1824965	-100.489
3015509	1825042	-93.83
3015503	1824559	-101.47
3015330	1825226	-81.389
3015509	1825047	-94.589
3015649	1825351	-86.79
3015925	1824893	-100.709
3015310	1825465	-90.519
3015143	1825009	-93.489
3015586	1824736	-98.04
3015506	1825036	-94.029
3015612	1825267	-85.98
3015512	1825051	-95.18
3015352	1825379	-82.62
3015534	1824579	-101.419
3015354	1825379	-82.75
3015400	1825383	-80.66
3015693	1825445	-96.209
3015403	1825387	-80.12
3015509	1825045	-94.75
3015634	1825320	-94.16
3015584	1825205	-86.389
3015300	1825393	-86.75
3015601	1825244	-86.26
3015314	1825190	-83.629
3015469	1824951	-101.12
3015597	1825235	-86.279
3015408	1825396	-81.379
3015346	1825381	-83.5
3015617	1825279	-90.269
3015927	1824887	-101.019
3015510	1825046	-95.18
3015233	1825342	-85.089
3015340	1825383	-84.309
3015513	1825051	-95.93
3015784	1825171	-102.489
3015510	1825047	-95.51
3015358	1825377	-82.72
3015409	1825398	-81.989
3015595	1825230	-86.69
3015546	1825064	-94.79
3015416	1825417	-85.93
3015234	1825347	-85.86
3015356	1825378	-83.19
3015361	1825294	-83.37
3015511	1825049	-95.94
3015336	1825455	-89.72
3015354	1825281	-82.47
3015616	1825275	-89.459
3015342	1825255	-82.709
3015412	1825406	-83.769
3015295	1825390	-85.919
3015292	1825467	-91.629
3015224	1825304	-84.73
3015173	1825146	-90.019
3015307	1825466	-92.48
3015365	1825373	-82.169
3015945	1824865	-102.879
3015306	1825388	-85.949
3015236	1825352	-86.709
3015203	1824994	-97.26
3015375	1825327	-81.199
3015535	1825049	-96.919
3015533	1825088	-97.33
3015410	1825401	-83.3
3015309	1825466	-93.589
3015416	1825416	-86.519
3015333	1825378	-84.0
3015398	1825377	-82.12
3015402	1825385	-81.779
3015308	1825466	-93.33
3015307	1825464	-91.01
3015238	1825361	-87.279
3015308	1825464	-91.169
3015504	1825033	-96.16
3015337	1825455	-91.19
3015377	1825330	-79.54
3015374	1825321	-81.33
3015919	1824897	-103.089
3015313	1825386	-86.019
3015223	1825300	-85.589
3015519	1825053	-98.16
3015926	1824885	-103.419
3015237	1825357	-87.5
3015507	1825039	-96.29
3015311	1825463	-91.08
3015396	1825373	-82.699
3015698	1825458	-99.01
3015310	1825181	-86.029
3015302	1825388	-86.61
3015363	1825374	-83.489
3015614	1825271	-88.43
3015806	1825222	-96.11
3015638	1825327	-95.449
3015533	1825087	-98.29
3015293	1825396	-90.0
3015357	1825285	-84.97
3015592	1825226	-88.61
3015285	1825469	-92.93
3015290	1825467	-92.97
3015413	1825407	-85.559
3015636	1825323	-96.919
3015317	1825384	-86.209
3015365	1825365	-81.93
3015703	1825470	-100.36
3015337	1825244	-83.739
3015349	1825268	-82.76
3015695	1825451	-99.599
3015644	1825341	-89.8
3015413	1825410	-86.919
3015316	1825460	-90.54
3015615	1825274	-91.279
3015413	1825409	-86.699
3015378	1825332	-80.959
3015395	1825372	-84.029
3015327	1825381	-85.73
3015798	1825201	-104.559
3015503	1825030	-97.91
3015397	1825376	-84.33
3015413	1825411	-87.73
3015414	1825413	-88.139
3015502	1825027	-99.05
3015382	1825345	-81.48
3015264	1825398	-92.01
3015303	1825465	-93.83
3015613	1825269	-90.05
3015340	1825249	-84.489
3015412	1825405	-86.4
3015363	1825365	-83.12
3015306	1825466	-95.029
3015414	1825414	-88.739
3015700	1825464	-101.339
3015364	1825301	-86.18
3015390	1825363	-84.65
3015364	1825365	-83.5
3015329	1825380	-86.5
3015337	1825377	-86.489
3015366	1825371	-84.639
3015373	1825318	-84.15
3015304	1825465	-94.339
3015647	1825345	-91.5
3015409	1825399	-86.339
3015360	1825366	-84.129
3015345	1825373	-85.79
3015366	1825369	-84.26
3015288	1825392	-90.22
3015359	1825366	-84.37
3015706	1825477	-102.889
3015399	1825381	-85.959
3015344	1825259	-85.459
3015370	1825312	-85.66
3015380	1825338	-82.989
3015347	1825264	-85.3
3015366	1825366	-84.62
3015366	1825305	-87.169
3015368	1825309	-86.769
3015350	1825273	-85.489
3015357	1825367	-85.44
3015366	1825367	-85.29
3015348	1825372	-86.809
3015380	1825336	-83.9
3015352	1825277	-87.019
3015393	1825368	-87.29
3015614	1825272	-93.669
3015366	1825370	-86.0
3015361	1825365	-85.58
