3004381	1820848	-88.339
3004946	1821237	-87.29
3004117	1821365	-66.069
3004142	1821328	-68.79
3004375	1820847	-79.319
3004361	1821558	-83.629
3004153	1821392	-70.949
3004115	1821363	-68.279
3004907	1821216	-87.389
3004943	1821243	-88.22
3004113	1821362	-69.029
3004062	1821412	-72.989
3004376	1820845	-79.879
3004947	1821247	-88.349
3004357	1821555	-84.3
3004172	1821409	-69.58
3004378	1820848	-82.44
3004972	1821266	-90.199
3004462	1821132	-80.129
3004914	1821221	-86.83
3004114	1821362	-69.889
3004175	1821413	-70.69
3004952	1821226	-87.889
3004954	1821224	-88.18
3004517	1821323	-80.94
3004383	1820850	-91.97
3004179	1821416	-70.55
3004140	1821331	-69.79
3003748	1820962	-93.37
3004145	1821324	-65.849
3004695	1821063	-86.949
3004177	1821268	-56.68
3004684	1821054	-87.68
3004483	1821147	-81.519
3004585	1820800	-97.16
3004146	1821386	-67.949
3004532	1820964	-90.9
3004816	1821149	-91.379
3003859	1821166	-90.029
3003751	1820965	-93.529
3004944	1821235	-90.73
3004138	1821333	-69.589
3004323	1821529	-77.48
3004947	1821239	-90.959
3004601	1821072	-89.489
3004124	1821359	-72.36
3004978	1821270	-92.33
3004802	1821136	-89.269
3004050	1821289	-67.94
3004469	1821277	-69.0
3004220	1821097	-66.209
3004443	1821266	-68.169
3004688	1821057	-88.639
3004294	1821142	-70.73
3003831	1821124	-89.69
3004531	1821332	-83.139
3004612	1821058	-89.37
3004136	1821337	-66.669
3004117	1821364	-69.9
3004182	1821271	-58.13
3004423	1821104	-83.739
3004004	1821176	-79.599
3004123	1821360	-72.18
3004154	1821153	-69.089
3004659	1821036	-89.48
3004270	1821128	-65.91
3004139	1821381	-70.23
3004807	1821141	-90.62
3004524	1821328	-83.86
3004779	1821301	-89.8
3004511	1821319	-82.209
3004119	1821366	-69.44
3004829	1821158	-91.349
3004821	1821152	-92.569
3004563	1821119	-88.37
3003897	1821195	-87.01
3004112	1821362	-68.459
3004679	1821051	-90.069
3004340	1821182	-74.54
3004559	1821116	-88.55
3005023	1821304	-94.91
3004122	1821361	-71.169
3004557	1821116	-87.68
3004781	1821309	-89.58
3004677	1821050	-90.199
3004055	1821282	-69.089
3004187	1821276	-59.02
3004405	1820868	-95.51
3004222	1821098	-67.809
3004149	1821249	-75.26
3004700	1821066	-88.76
3004656	1821035	-90.709
3004674	1821047	-90.379
3004846	1821171	-90.66
3004296	1820996	-76.529
3005010	1821350	-95.279
3005097	1821233	-95.279
3004267	1821131	-67.05
3004404	1820866	-95.339
3004151	1821158	-70.849
3004046	1821305	-76.98
3004015	1821334	-84.93
3004546	1820865	-91.87
3004047	1821303	-76.86
3004561	1821117	-89.18
3004285	1821143	-67.129
3004361	1821199	-77.47
3004558	1821115	-87.61
3004555	1820872	-93.65
3004111	1821359	-69.36
3004120	1821367	-70.569
3005028	1821307	-95.839
3004672	1821046	-90.94
3004001	1821350	-82.819
3004047	1821302	-76.94
3004218	1821095	-68.739
3004231	1821103	-68.599
3004333	1821176	-79.209
3004227	1821101	-68.739
3004440	1821264	-70.599
3004797	1821132	-92.01
3004126	1821124	-73.3
3004127	1821373	-69.9
3004693	1821060	-91.01
3004182	1821418	-74.129
3004134	1821176	-71.94
3004658	1821035	-91.639
3004812	1821145	-92.83
3003788	1820730	-106.43
3003772	1820718	-107.819
3004422	1821246	-70.169
3004782	1821305	-91.029
3004841	1821167	-92.459
3004225	1821099	-68.889
3004675	1821049	-91.43
3004155	1821152	-71.22
3003810	1821150	-105.589
3004337	1821179	-79.23
3004266	1821124	-68.12
3003743	1820958	-99.25
3004957	1821222	-93.15
3004343	1820923	-83.569
3004055	1821291	-70.41
3004149	1821154	-71.889
3004126	1821355	-70.97
3003840	1821114	-85.019
3004118	1821364	-71.29
3004374	1820847	-84.989
3004659	1821285	-86.709
3004429	1821252	-70.79
3005020	1821303	-96.54
3004125	1821357	-74.18
3004550	1820868	-92.739
3004478	1821291	-72.569
3004341	1820920	-81.58
3004560	1821117	-90.51
3004267	1821126	-68.519
3004222	1821063	-71.089
3004559	1821117	-90.79
3004592	1821230	-88.089
3003905	1821201	-89.129
3004593	1820905	-99.129
3004050	1821297	-72.959
3004122	1821368	-70.839
3004558	1820874	-94.43
3004082	1821216	-77.389
3004562	1821119	-90.94
3004493	1821308	-73.36
3004833	1821161	-93.639
3003961	1821233	-80.919
3004358	1820930	-86.319
3004973	1821408	-94.8
3004152	1821158	-72.33
3004388	1820854	-98.629
3003818	1821141	-98.809
3004023	1821174	-80.129
3004121	1821121	-74.699
3004401	1820864	-95.41
3004230	1821314	-74.62
3003753	1820969	-98.959
3004580	1821560	-83.73
3004183	1821262	-61.81
3004219	1821084	-70.61
3004504	1820942	-93.23
3004496	1821313	-73.779
3004141	1821171	-73.589
3004416	1820874	-94.589
3004403	1820865	-96.169
3003854	1821095	-84.72
3005036	1821307	-97.419
3004318	1820942	-76.33
3004690	1821059	-92.389
3004983	1821274	-96.58
3004123	1821195	-73.01
3004895	1821207	-84.279
3004392	1820857	-94.709
3004192	1821279	-61.27
3004202	1821087	-70.83
3004214	1821092	-70.519
3004371	1820849	-83.669
3004657	1821035	-93.029
3004137	1821176	-73.669
3005067	1821273	-96.61
3003758	1820973	-98.05
3004352	1820928	-87.0
3004584	1820797	-101.419
3004299	1820998	-82.209
3005001	1821287	-97.099
3004543	1820763	-105.18
3005070	1821268	-96.69
3004597	1821078	-93.97
3004051	1821289	-72.199
3004460	1821268	-72.94
3004238	1821045	-72.68
3004126	1821372	-71.47
3004329	1821173	-80.569
3004655	1821034	-93.22
3004228	1821056	-72.349
3004215	1821071	-71.809
3004158	1821254	-76.069
3004134	1821340	-68.319
3004286	1821143	-69.279
3004383	1820851	-99.41
3003777	1820721	-109.08
3003852	1821160	-95.069
3003964	1821230	-81.33
3004837	1821164	-94.44
3004362	1820858	-84.33
3003900	1821079	-83.139
3003727	1820914	-90.18
3004489	1821315	-74.209
3004149	1821162	-73.5
3004654	1821033	-93.54
3004561	1821562	-91.099
3004165	1821259	-75.72
3003739	1820955	-102.709
3003849	1821101	-85.75
3004317	1820951	-80.129
3004606	1821066	-93.959
3003721	1820935	-100.79
3004601	1820912	-96.089
3004542	1820862	-95.169
3003873	1821071	-84.47
3005063	1821278	-97.79
3004337	1820890	-79.309
3005006	1821355	-96.949
3005029	1821307	-98.129
3004217	1821094	-71.019
3004415	1821097	-87.58
3004661	1821286	-88.269
3004583	1820794	-102.599
3004150	1821145	-73.33
3004539	1820812	-101.43
3004263	1821128	-69.76
3004047	1821311	-80.489
3004048	1821300	-77.669
3004480	1821331	-77.66
3004111	1821361	-70.33
3003800	1820740	-106.3
3004134	1821180	-74.22
3004220	1821066	-72.47
3004232	1821315	-75.599
3004160	1821147	-69.309
3004159	1821398	-70.72
3004022	1821323	-78.519
3004142	1821383	-72.11
3004248	1821117	-70.319
3004144	1821384	-72.72
3004510	1820946	-96.129
3004347	1820877	-79.139
3004147	1821321	-69.11
3004120	1821363	-69.959
3004206	1821082	-71.93
3004197	1821096	-71.279
3004245	1821114	-70.529
3004537	1821338	-88.389
3004348	1820713	-99.62
3004268	1821134	-69.83
3004232	1821052	-73.19
3004527	1821092	-93.209
3004825	1821155	-95.36
3003913	1821207	-89.529
3004179	1821270	-62.86
3004106	1821217	-73.879
3004749	1820867	-102.269
3004698	1821065	-93.529
3004153	1821251	-77.76
3004338	1820725	-97.94
3004218	1821084	-71.97
3004263	1821015	-74.91
3004288	1821143	-70.069
3004998	1821366	-100.47
3004657	1821285	-88.779
3004652	1821032	-94.169
3004241	1821111	-70.9
3004054	1821286	-72.66
3004681	1821052	-93.93
3004185	1821115	-70.769
3004344	1820880	-79.43
3004521	1820955	-96.79
3004169	1821261	-75.66
3004048	1821297	-75.94
3004047	1821300	-78.86
3004168	1821406	-75.4
3005014	1821298	-98.529
3004477	1821335	-78.68
3003994	1821189	-84.209
3004649	1821030	-94.199
3003951	1821249	-88.15
3004652	1821289	-89.099
3004498	1820937	-95.41
3005034	1821308	-98.91
3004583	1820895	-98.75
3004333	1820730	-95.459
3004536	1820810	-101.19
3004471	1821049	-90.79
3004045	1821308	-80.5
3004571	1820885	-96.989
3004225	1821060	-73.29
3004415	1821242	-72.639
3004388	1820853	-100.11
3004660	1821037	-94.339
3004791	1821128	-94.8
3004481	1821294	-74.87
3004657	1821298	-88.94
3004125	1821370	-72.029
3005006	1821291	-98.61
3004047	1821310	-81.139
3005107	1821247	-98.91
3004050	1821314	-82.87
3004492	1820933	-95.66
3004538	1820968	-100.93
3004163	1821142	-70.23
3004317	1820942	-77.98
3004076	1821269	-76.5
3005011	1821294	-98.769
3005032	1821308	-99.11
3003779	1820858	-104.669
3004660	1821295	-88.989
3004580	1820791	-106.61
3005039	1821305	-99.099
3004419	1821244	-72.949
3004419	1821101	-88.87
3004069	1821276	-76.889
3003866	1821079	-85.809
3004143	1821168	-75.36
3004563	1820829	-95.93
3004305	1820962	-77.459
3004457	1821129	-88.55
3004362	1820964	-91.3
3004274	1821137	-70.629
3004581	1820792	-106.339
3004568	1820827	-95.48
3004216	1821084	-72.66
3004151	1821147	-74.43
3004218	1821069	-73.389
3004233	1821098	-72.11
3004561	1821118	-93.15
3004046	1821304	-80.55
3004434	1821258	-73.639
3004661	1821282	-89.309
3004136	1821379	-70.3
3004147	1821158	-74.93
3004473	1821337	-79.769
3004437	1821261	-73.8
3004255	1821116	-71.4
3004212	1821296	-74.599
3004052	1821294	-73.809
3004147	1821163	-75.08
3004047	1821308	-81.26
3004266	1821011	-75.86
3004501	1821314	-76.08
3004567	1820828	-95.419
3004981	1821191	-103.48
3004317	1820941	-78.449
3004321	1820944	-81.93
3004269	1821127	-71.22
3004454	1821269	-74.589
3004347	1820924	-89.419
3004149	1821317	-68.33
3004244	1821039	-74.809
3004978	1821195	-103.949
3004052	1821314	-85.419
3004126	1821190	-75.25
3004126	1821353	-71.47
3004129	1821373	-72.139
3004210	1821077	-73.41
3004145	1821167	-75.61
3004237	1821108	-71.98
3004599	1820910	-99.94
3004375	1821066	-87.129
3004987	1821380	-101.79
3004603	1820915	-98.389
3005018	1821301	-99.4
3003844	1821107	-87.73
3004355	1820930	-89.019
3004162	1820975	-88.61
3003806	1821155	-110.25
3004161	1821257	-78.089
3004558	1821116	-92.389
3004190	1821250	-64.79
3004102	1821243	-76.279
3004215	1821094	-72.669
3004484	1821297	-75.83
3004533	1820808	-98.65
3004288	1820981	-77.4
3004286	1820985	-77.29
3004199	1821097	-72.62
3004198	1821094	-72.79
3004325	1821171	-82.779
3004656	1821278	-89.639
3004295	1820973	-77.73
3004251	1821112	-72.059
3003859	1821089	-86.87
3004162	1821401	-73.199
3004296	1820973	-77.75
3004319	1820942	-78.769
3004132	1821375	-72.019
3004231	1821096	-72.73
3004641	1821024	-96.41
3004350	1820708	-100.9
3004493	1821314	-76.22
3004257	1821117	-71.87
3004234	1821106	-72.339
3004516	1820950	-101.37
3004247	1821035	-75.43
3004344	1821185	-77.089
3004350	1820873	-80.87
3004201	1821288	-63.349
3004564	1821555	-86.319
3004421	1821010	-84.08
3003932	1821222	-85.669
3004123	1821369	-73.809
3004080	1821266	-77.339
3004442	1821118	-89.349
3004425	1821249	-74.059
3004272	1821003	-76.72
3004266	1821130	-71.529
3004212	1821088	-73.26
3003729	1820947	-103.19
3004653	1821033	-95.55
3004596	1820908	-100.37
3004110	1821237	-76.769
3004655	1821033	-95.599
3004303	1821142	-82.58
3004254	1821027	-75.94
3004575	1820888	-100.01
3004127	1821187	-75.73
3004745	1821337	-95.169
3004489	1821304	-76.379
3004560	1820829	-100.33
3003742	1820958	-103.169
3004168	1821137	-71.449
3004988	1821378	-102.269
3004458	1821268	-75.319
3003723	1820938	-102.87
3004590	1820901	-99.22
3004264	1821123	-71.989
3004039	1820924	-90.709
3004989	1821376	-102.319
3003756	1820969	-99.559
3003821	1821136	-97.01
3004257	1821123	-71.94
3004180	1821118	-72.209
3004130	1821185	-76.01
3004222	1821088	-73.37
3004651	1821031	-95.62
3004270	1821006	-76.839
3004346	1820716	-101.55
3004105	1821241	-76.849
3004289	1820982	-77.839
3004669	1821043	-95.309
3004479	1821056	-92.29
3003903	1821081	-85.33
3004356	1820865	-81.4
3004316	1820953	-82.25
3003730	1820948	-103.47
3004267	1821010	-76.769
3004685	1821055	-95.61
3004583	1821100	-97.059
3004728	1820889	-103.4
3004251	1821119	-72.19
3004398	1820862	-96.93
3003696	1820792	-108.589
3004165	1821140	-71.599
3004222	1821306	-76.489
3004134	1821377	-69.97
3004297	1820969	-78.43
3004197	1821430	-73.389
3003747	1820961	-101.809
3004116	1821117	-78.22
3004543	1821104	-94.22
3004151	1821313	-67.58
3004097	1821230	-75.9
3004252	1820841	-88.08
3004045	1821295	-79.19
3003835	1821119	-89.489
3004259	1821018	-76.68
3004670	1821045	-95.58
3004785	1821124	-96.26
3004229	1821094	-73.47
3005085	1821248	-100.29
3004993	1821371	-102.54
3004135	1821177	-76.5
3004667	1821042	-95.139
3004597	1821068	-96.44
3003905	1821084	-85.51
3003890	1821189	-92.589
3004590	1821090	-96.15
3004197	1821283	-64.15
3004110	1821212	-75.919
3004295	1820890	-88.87
3004585	1821083	-96.919
3004318	1820950	-83.05
3004483	1821322	-76.61
3004396	1820859	-97.739
3004710	1821073	-95.44
3004123	1821194	-76.16
3004145	1821162	-76.459
3004231	1821056	-75.19
3003967	1821226	-83.629
3004218	1821302	-76.22
3004212	1821074	-74.54
3003784	1820727	-111.739
3004464	1820911	-103.419
3004272	1821132	-72.279
3004261	1821126	-72.36
3005101	1821229	-100.51
3004542	1821342	-90.849
3004542	1820814	-101.569
3004292	1820983	-78.3
3004312	1820944	-79.61
3004131	1821374	-72.709
3004048	1821311	-83.26
3004546	1820766	-99.519
3004005	1821173	-86.23
3004535	1821098	-90.3
3004195	1821101	-73.449
3004585	1820798	-103.01
3004050	1821292	-75.55
3004225	1821307	-76.709
3003709	1820943	-106.449
3004486	1821301	-77.029
3004350	1820926	-90.349
3004093	1821252	-77.489
3004172	1821131	-72.43
3004612	1821050	-96.349
3004069	1821265	-77.9
3004586	1820898	-98.809
3004138	1821133	-73.25
3004652	1821006	-97.97
3004320	1820932	-80.19
3004548	1820975	-98.569
3004568	1820782	-106.059
3004641	1821307	-91.059
3004780	1821302	-96.269
3004011	1821339	-89.669
3004241	1821043	-76.069
3003944	1821258	-89.099
3004253	1821027	-76.86
3004195	1821099	-73.769
3004543	1820972	-101.5
3003958	1821240	-85.68
3004087	1821242	-76.879
3004212	1821086	-74.41
3004215	1821299	-76.4
3005077	1821258	-100.379
3004456	1821269	-76.23
3003796	1820738	-112.25
3004224	1821090	-74.209
3004002	1821180	-86.879
3004343	1820720	-102.849
3003844	1821155	-98.449
3003724	1820941	-103.919
3004566	1821212	-91.93
3004263	1821153	-71.65
3004265	1821013	-77.54
3004117	1821204	-76.629
3003626	1821047	-107.029
3004622	1821043	-96.519
3004473	1821286	-76.779
3004125	1821235	-79.819
3004216	1821076	-74.97
3004556	1820978	-101.519
3004201	1821089	-74.43
3004353	1820707	-102.169
3004179	1821273	-65.419
3004567	1820881	-97.05
3004522	1820804	-100.41
3004651	1821290	-91.489
3004664	1821040	-95.959
3004468	1821263	-76.849
3004565	1820829	-98.239
3005025	1821306	-101.269
3004259	1821119	-73.239
3004272	1820894	-92.08
3004630	1821030	-97.93
3004269	1821006	-77.94
3004303	1820964	-79.519
3004250	1821031	-77.01
3004073	1821272	-78.989
3004294	1820976	-79.15
3004352	1821192	-73.319
3004280	1821142	-72.639
3004249	1821111	-73.65
3003940	1821263	-90.559
3004359	1820862	-86.19
3003994	1821192	-85.989
3004050	1821313	-84.879
3004638	1821024	-98.04
3004385	1820851	-102.559
3004114	1821208	-76.83
3004139	1821174	-77.61
3004270	1821139	-72.72
3004565	1820780	-110.199
3004127	1821351	-71.65
3004109	1821211	-76.73
3004505	1821316	-82.04
3004469	1821275	-77.069
3004105	1821220	-76.919
3003870	1821075	-88.01
3004033	1821180	-83.639
3004220	1821304	-77.58
3004470	1821272	-77.139
3004362	1820708	-102.339
3003763	1820977	-99.839
3004186	1821258	-66.25
3004279	1820995	-78.699
3004558	1820828	-103.519
3003955	1821244	-90.089
3004340	1820723	-101.68
3004379	1820977	-94.29
3004589	1821078	-97.68
3004634	1821316	-91.48
3004187	1821256	-66.36
3004132	1821343	-70.55
3004094	1821223	-76.519
3004209	1821294	-76.04
3005007	1821353	-100.819
3004365	1820855	-86.75
3004049	1821312	-84.48
3004584	1820795	-105.199
3003997	1821187	-87.61
3004530	1820806	-101.029
3004236	1821100	-74.339
3004149	1821143	-76.9
3004463	1821042	-93.47
3004319	1820949	-84.15
3004045	1821306	-83.029
3004412	1820871	-96.54
3004462	1821267	-77.0
3004047	1821309	-83.66
3004265	1821150	-72.33
3003731	1820909	-93.8
3004408	1820868	-96.5
3004531	1820807	-100.849
3004109	1821359	-74.949
3004778	1821300	-97.11
3004292	1821143	-73.449
3004084	1821090	-88.129
3004190	1821424	-77.059
3004708	1821071	-96.55
3004717	1821077	-96.75
3004301	1821150	-85.25
3004653	1821286	-91.959
3004081	1821250	-77.989
3004429	1821017	-86.94
3004253	1821114	-73.91
3004651	1821275	-90.459
3004180	1821269	-66.169
3004400	1820862	-98.389
3004593	1821073	-97.93
3004564	1820977	-100.699
3004120	1821199	-77.349
3004101	1821224	-77.26
3004142	1821136	-73.949
3003937	1821226	-87.879
3004049	1821295	-77.65
3004640	1821021	-98.569
3004079	1821086	-88.629
3004129	1821186	-77.66
3004225	1821064	-76.15
3004304	1821141	-84.29
3004588	1821094	-97.29
3004292	1820977	-79.69
3004474	1821261	-77.709
3004066	1821279	-79.83
3004012	1821173	-86.529
3004662	1821291	-91.959
3004132	1821182	-77.819
3004467	1821264	-77.48
3004661	1821293	-91.94
3004572	1821217	-92.989
3004172	1821284	-66.01
3004143	1820993	-83.86
3004275	1821000	-78.849
3004391	1820855	-100.3
3004235	1821190	-70.29
3004075	1821258	-78.65
3004493	1821230	-85.489
3004559	1820979	-102.4
3004970	1821206	-105.73
3004411	1821239	-75.68
3004303	1821154	-85.23
3004335	1820894	-83.3
3004254	1821121	-73.9
3004396	1820890	-97.0
3004366	1821058	-78.379
3004276	1820997	-79.069
3004067	1821269	-79.279
3004703	1821068	-96.199
3004252	1821030	-77.86
3004046	1821307	-83.739
3004580	1820892	-100.339
3004155	1821309	-68.16
3004207	1821079	-75.87
3004088	1821240	-77.919
3004307	1820960	-80.519
3004044	1820926	-93.37
3004743	1820876	-104.519
3004659	1821037	-97.62
3004046	1821309	-84.11
3004301	1821367	-82.489
3004084	1821246	-78.269
3004396	1820859	-99.379
3004302	1820966	-80.379
3004628	1821035	-96.839
3004308	1820957	-80.69
3004314	1821162	-85.059
3004273	1821133	-73.849
3004078	1821254	-78.569
3004634	1821028	-98.86
3004090	1821255	-79.0
3004662	1821039	-97.199
3004472	1821265	-78.01
3004355	1820705	-102.459
3004112	1821207	-77.599
3004581	1821086	-98.809
3005042	1821303	-102.339
3004557	1821115	-94.129
3004328	1820938	-85.269
3004185	1821260	-66.98
3004130	1821127	-75.16
3004548	1820820	-97.839
3003816	1821022	-91.36
3003715	1820942	-106.47
3004310	1821133	-83.879
3004309	1821158	-85.669
3004237	1821048	-77.279
3004975	1821199	-106.62
3004100	1821226	-77.83
3004090	1821238	-78.059
3004491	1821233	-78.949
3004072	1821262	-79.319
3003947	1821253	-89.61
3003792	1820734	-112.919
3004129	1821349	-71.389
3004234	1821052	-77.15
3004602	1821061	-98.05
3003749	1820965	-104.769
3004471	1821268	-78.12
3004580	1821101	-98.05
3003722	1820924	-101.099
3004211	1821089	-75.68
3004261	1821121	-74.339
3004342	1820883	-83.12
3004234	1821317	-80.18
3004579	1821222	-93.779
3004091	1821221	-77.25
3004485	1821323	-78.65
3004165	1820973	-91.669
3004235	1821048	-77.48
3004568	1821128	-95.709
3003827	1821025	-91.139
3004403	1820881	-97.43
3004059	1821287	-75.809
3004321	1820947	-85.269
3004314	1821377	-83.8
3004228	1821313	-80.279
3004338	1820918	-82.37
3003956	1821238	-87.29
3004064	1821272	-79.94
3004220	1821085	-75.989
3004295	1820978	-80.4
3004467	1821136	-91.099
3004574	1821099	-92.889
3004973	1821401	-99.739
3004268	1821144	-73.72
3004574	1821096	-93.309
3004116	1821235	-79.86
3005044	1821301	-102.709
3004273	1821001	-79.529
3004284	1820988	-80.129
3004193	1821427	-76.72
3004665	1821042	-97.37
3005089	1821243	-102.519
3004180	1821267	-67.19
3004314	1820943	-81.65
3004472	1821531	-82.819
3004706	1821069	-97.58
3004455	1821037	-91.08
3004575	1820788	-106.019
3004213	1821092	-75.819
3004437	1821114	-91.989
3004570	1820826	-99.47
3004585	1820951	-100.129
3004197	1821239	-68.3
3004369	1821205	-84.3
3004451	1821269	-77.76
3004573	1820821	-99.279
3004088	1821094	-88.169
3004493	1821312	-79.209
3004566	1820828	-99.62
3004316	1820943	-81.76
3004181	1821266	-67.319
3004404	1821088	-92.19
3005110	1821248	-102.739
3004511	1820740	-111.01
3004112	1821113	-80.93
3004644	1821303	-93.029
3004644	1821312	-92.769
3004227	1821093	-75.87
3004263	1821017	-79.18
3003776	1820860	-108.55
3004117	1821203	-78.379
3004477	1821332	-83.129
3004475	1821288	-78.629
3004665	1821041	-97.62
3005074	1821263	-102.11
3004634	1821325	-91.33
3004388	1820984	-91.55
3003721	1820927	-103.98
3004394	1820857	-100.16
3004552	1820978	-100.779
3004428	1821107	-87.309
3004435	1820888	-106.559
3004266	1821148	-73.79
3004580	1820958	-101.25
3004238	1821320	-80.61
3004261	1821155	-73.389
3004486	1821318	-79.16
3004299	1820971	-81.0
3004986	1821381	-105.18
3004219	1821072	-76.959
3004472	1821282	-78.75
3004338	1820727	-102.949
3004562	1820778	-111.349
3004563	1820878	-97.959
3004348	1821189	-74.919
3004100	1821223	-78.419
3004551	1820822	-98.3
3004099	1821246	-79.629
3004339	1820887	-83.629
3004463	1821266	-78.5
3004260	1821020	-79.25
3004314	1820945	-81.949
3004275	1821139	-74.47
3004638	1821312	-93.089
3004263	1821122	-74.989
3004213	1821080	-76.779
3004316	1820942	-82.08
3004228	1821060	-77.569
3004209	1821084	-76.629
3004518	1820744	-105.25
3004646	1821028	-98.459
3004131	1821346	-71.709
3004069	1821264	-80.11
3003863	1821052	-90.05
3004488	1821320	-79.4
3004121	1821363	-73.839
3004277	1820997	-80.3
3004217	1821084	-76.58
3004746	1821336	-98.269
3003856	1821047	-90.419
3004508	1821167	-91.989
3004648	1821307	-93.11
3003697	1820789	-107.989
3004387	1820904	-98.339
3004096	1821249	-79.779
3004634	1821027	-99.879
3004151	1821151	-78.44
3004715	1821076	-98.279
3004500	1821227	-86.36
3004118	1821234	-80.589
3004257	1820881	-94.089
3004571	1820823	-99.389
3004049	1821311	-85.97
3003906	1821084	-88.22
3004496	1821227	-88.44
3004379	1820848	-94.93
3004310	1820947	-82.059
3004626	1821034	-99.889
3004512	1820836	-101.08
3004120	1821197	-78.75
3003687	1820964	-111.98
3004105	1821218	-78.68
3004872	1821190	-89.089
3004282	1820991	-80.66
3004622	1821039	-97.93
3004646	1821014	-100.199
3004487	1820929	-97.87
3004605	1821239	-92.779
3004122	1821235	-81.379
3004484	1821516	-83.26
3004341	1820724	-105.25
3004641	1821268	-90.639
3004403	1820997	-95.069
3004247	1821109	-75.739
3004269	1821140	-74.61
3004131	1821182	-79.199
3004256	1821024	-79.379
3004384	1821217	-85.769
3004480	1821327	-79.349
3004102	1821221	-78.75
3004879	1821195	-89.29
3004123	1821192	-78.919
3003897	1821076	-88.8
3003813	1821019	-92.54
3004148	1821141	-75.11
3004227	1821311	-80.41
3004360	1820705	-104.36
3004654	1821300	-93.47
3004307	1820952	-82.08
3004302	1821145	-86.349
3004268	1821135	-74.849
3003722	1820802	-108.099
3004562	1820978	-102.58
3004061	1821276	-79.51
3004507	1820828	-100.5
3004446	1821267	-78.26
3004316	1821164	-86.36
3004060	1821276	-77.089
3004510	1820833	-101.41
3004351	1820710	-104.589
3004779	1821310	-98.19
3004586	1821097	-98.87
3004979	1821389	-100.279
3004273	1821136	-74.989
3004279	1820994	-80.75
3004604	1820917	-100.23
3004277	1821140	-74.889
3004087	1821258	-80.449
3004379	1821213	-85.25
3004305	1821155	-86.73
3004273	1821135	-75.08
3004335	1820730	-102.01
3004421	1820878	-104.019
3004223	1821088	-76.75
3004525	1821194	-90.4
3004584	1820806	-99.629
3004510	1821208	-91.37
3004582	1820955	-101.709
3004083	1821262	-80.68
3004662	1821289	-93.669
3004335	1820728	-101.379
3004782	1821303	-98.65
3004780	1821119	-99.309
3004317	1820927	-82.989
3003718	1820799	-108.349
3004299	1820965	-81.849
3004492	1821315	-80.0
3004169	1821134	-75.11
3004300	1820969	-81.699
3004282	1820990	-81.029
3004574	1821092	-94.4
3004059	1821201	-83.55
3004647	1821298	-93.87
3004395	1820990	-93.9
3004470	1821259	-79.379
3004320	1820949	-86.379
3004290	1821143	-75.349
3005047	1821298	-103.68
3004585	1821226	-95.04
3004617	1821051	-99.18
3004263	1820887	-94.68
3003863	1821084	-90.599
3004365	1821202	-85.36
3004226	1821309	-80.23
3004644	1821026	-99.059
3004352	1820707	-104.779
3004658	1820998	-100.819
3004213	1821085	-77.19
3004643	1821025	-99.059
3004321	1820948	-86.519
3004581	1820809	-99.5
3004476	1820920	-101.239
3004562	1820829	-102.559
3004648	1821029	-99.089
3004374	1821209	-85.699
3004373	1820848	-91.83
3004553	1821203	-94.47
3004033	1820919	-95.559
3004498	1821158	-92.54
3004138	1821172	-79.9
3004638	1821320	-92.629
3004742	1821338	-99.26
3004040	1821301	-84.16
3004503	1821163	-92.75
3004274	1820889	-93.65
3004113	1821236	-80.819
3004309	1820956	-82.4
3004353	1820869	-84.97
3004337	1820944	-95.239
3004116	1821202	-79.309
3004271	1821130	-75.559
3004559	1820775	-111.809
3004141	1821166	-79.97
3004385	1820907	-99.209
3004773	1821301	-99.98
3004097	1821229	-79.419
3004354	1820706	-104.919
3004299	1821140	-85.69
3004465	1821265	-79.47
3004632	1821261	-91.559
3004503	1821223	-89.589
3004292	1820990	-81.36
3004530	1821184	-90.47
3003731	1820949	-107.239
3004356	1820705	-104.599
3004065	1821270	-81.239
3003897	1821082	-89.4
3005050	1821295	-103.91
3004567	1820975	-102.809
3004296	1821142	-84.16
3004517	1821205	-91.43
3004382	1820910	-99.43
3004179	1821272	-68.33
3004628	1821259	-91.75
3004399	1820886	-98.91
3004519	1821085	-95.44
3004593	1820941	-100.889
3004222	1821208	-71.269
3004368	1821061	-80.48
3004372	1820842	-85.86
3004302	1821000	-92.08
3004577	1821089	-94.769
3004447	1821030	-89.98
3004222	1821067	-78.269
3004401	1821085	-93.319
3004176	1821126	-75.83
3004000	1821164	-89.12
3004045	1821307	-85.66
3004583	1820807	-100.04
3003695	1820790	-111.75
3004297	1820975	-81.98
3004322	1820944	-86.72
3003823	1821028	-92.849
3004437	1821023	-89.08
3004713	1821074	-99.08
3003942	1821230	-90.419
3004162	1821299	-68.76
3004511	1820814	-105.699
3003963	1821236	-88.16
3004389	1820900	-99.199
3004631	1821320	-93.589
3004314	1820944	-83.08
3004302	1821153	-87.309
3004214	1821085	-77.569
3004646	1821271	-89.239
3004108	1821215	-79.599
3004647	1821028	-99.54
3004049	1821313	-87.41
3004550	1821109	-97.949
3004107	1821215	-79.569
3004470	1821279	-79.86
3004593	1821084	-100.36
3003711	1820942	-109.879
3004655	1821285	-94.41
3004310	1820955	-82.79
3003702	1820946	-112.349
3004059	1821279	-77.889
3004176	1821278	-68.449
3005104	1821224	-104.01
3004557	1821114	-95.47
3004614	1821247	-92.98
3004227	1821200	-72.059
3004180	1821121	-76.269
3004520	1821202	-91.62
3004407	1820875	-99.209
3003996	1821160	-89.199
3004157	1821306	-69.779
3004097	1821223	-79.61
3004667	1821286	-94.489
3004575	1821366	-94.699
3004568	1821126	-98.87
3003768	1820982	-100.949
3004074	1821083	-90.86
3004366	1821065	-80.62
3004315	1820942	-83.37
3003948	1821236	-91.809
3004036	1820921	-96.12
3004311	1820950	-83.15
3004307	1821372	-85.339
3004598	1821356	-93.349
3004577	1820962	-102.919
3004252	1821168	-74.059
3004291	1820887	-93.199
3004470	1820916	-104.199
3004488	1821243	-80.949
3004240	1821183	-73.209
3004568	1821130	-96.93
3003726	1820946	-107.319
3004573	1821127	-96.279
3004309	1820950	-83.239
3004889	1821203	-90.629
3004568	1821129	-97.25
3004279	1820901	-94.12
3003920	1821213	-94.639
3003734	1820952	-107.97
3003790	1820995	-94.66
3003735	1820952	-108.199
3004320	1820933	-83.809
3004108	1821239	-81.3
3004528	1821184	-91.069
3004286	1820985	-82.129
3004256	1821023	-80.639
3004173	1821282	-68.669
3003828	1821128	-100.989
3004610	1821339	-94.47
3004484	1821248	-80.879
3003907	1821085	-89.54
3004166	1821294	-68.849
3004184	1821113	-76.9
3003770	1820838	-108.239
3004254	1821165	-74.44
3004311	1820945	-83.519
3004103	1821222	-80.12
3004526	1820803	-102.569
3003861	1821053	-91.68
3004294	1820906	-93.669
3004527	1820804	-103.47
3004128	1820989	-87.8
3004576	1820816	-100.58
3004056	1821283	-78.569
3004307	1821137	-86.69
3004362	1820931	-93.05
3004407	1821091	-88.86
3003753	1820880	-105.15
3004345	1820951	-96.879
3004499	1821223	-92.12
3004781	1821307	-99.54
3005000	1821363	-105.449
3004571	1821126	-97.349
3004491	1821307	-81.15
3004570	1821363	-95.36
3004000	1821184	-90.739
3003911	1821093	-89.5
3004074	1821258	-81.5
3004293	1820992	-82.16
3005004	1821358	-103.73
3004293	1820977	-82.669
3005093	1821238	-104.66
3004221	1821087	-78.139
3004302	1821144	-87.69
3004290	1820985	-82.449
3004324	1820909	-90.339
3004358	1820705	-105.23
3004301	1821151	-87.8
3004732	1820887	-105.05
3004472	1821256	-80.699
3004394	1820893	-99.879
3004302	1820968	-83.05
3004240	1821321	-82.44
3004622	1821328	-94.25
3004120	1821234	-82.58
3003857	1821050	-92.139
3004079	1821252	-81.349
3003815	1821014	-94.04
3004332	1820733	-101.73
3004253	1821332	-83.47
3004292	1820980	-82.68
3004267	1820884	-94.91
3004776	1821300	-100.559
3003849	1821041	-92.55
3004490	1821317	-81.29
3003742	1820894	-105.87
3004239	1821102	-77.62
3004307	1820767	-98.4
3004650	1821031	-100.43
3004301	1821148	-88.269
3004127	1821236	-84.55
3004215	1821084	-78.43
3004320	1820937	-84.15
3004269	1821142	-76.19
3004469	1821343	-80.769
3004149	1820886	-97.669
3004389	1821221	-87.239
3004193	1821102	-77.73
3004503	1821074	-99.809
3003691	1820959	-113.54
3003946	1821233	-91.709
3003893	1821074	-90.699
3004740	1821338	-100.87
3004365	1821058	-81.419
3004266	1820868	-93.91
3004020	1821172	-88.36
3004178	1821274	-69.36
3004394	1821225	-82.93
3004160	1821303	-70.069
3004315	1820954	-83.73
3004617	1821044	-100.529
3004483	1821327	-81.23
3004361	1820707	-105.98
3004546	1821198	-95.75
3004511	1821080	-98.79
3003842	1821035	-93.05
3004301	1821139	-87.559
3004477	1821257	-81.11
3003723	1820944	-108.819
3004259	1821159	-75.36
3004312	1820947	-83.989
3004306	1821156	-88.459
3004319	1820938	-84.319
3004242	1821322	-82.61
3004575	1820818	-101.47
3004244	1821325	-83.37
3004497	1820829	-110.309
3004599	1821235	-95.41
3004647	1821029	-100.55
3004661	1821038	-100.65
3004214	1821084	-78.73
3004585	1820805	-101.5
3004224	1821204	-72.709
3004774	1821115	-100.91
3003850	1821045	-92.779
3004301	1821149	-88.68
3004309	1821129	-86.569
3004111	1821211	-80.68
3004523	1820803	-104.18
3004245	1821107	-77.739
3004405	1820879	-100.129
3004005	1821177	-90.98
3004286	1820900	-94.51
3004672	1821290	-95.25
3004240	1821045	-80.37
3003763	1820834	-109.059
3004323	1821168	-88.199
3004448	1821268	-80.209
3004356	1820702	-105.47
3004243	1821179	-74.26
3004610	1821243	-94.339
3004334	1820916	-85.169
3004278	1820893	-95.18
3004588	1820948	-102.65
3004241	1821104	-77.97
3004450	1820896	-103.919
3004863	1821183	-91.05
3003878	1821059	-91.739
3004053	1821196	-85.839
3004144	1820882	-98.66
3004225	1821091	-78.51
3003758	1820832	-109.0
3004397	1821082	-93.43
3004406	1820871	-100.349
3004207	1821226	-71.699
3004407	1820877	-100.349
3004571	1821130	-97.099
3004404	1821232	-78.889
3004868	1821187	-91.239
3004353	1820705	-106.5
3004368	1820839	-87.36
3004560	1821356	-95.72
3004333	1820896	-87.25
3004455	1820904	-105.739
3004625	1821326	-94.68
3004267	1821146	-76.5
3004364	1821067	-81.669
3004352	1820706	-106.589
3004609	1821342	-95.26
3004778	1821313	-98.069
3004329	1820902	-87.4
3004574	1820965	-104.199
3004618	1821331	-95.059
3004302	1820780	-98.959
3004645	1821027	-100.919
3004135	1821130	-78.18
3004360	1820931	-94.849
3004501	1821220	-93.099
3004298	1820910	-93.139
3004322	1820945	-88.309
3004469	1821261	-81.3
3004607	1821056	-101.199
3004367	1821064	-81.93
3004519	1821196	-92.68
3004220	1821086	-78.98
3004243	1821106	-78.18
3004120	1821200	-81.269
3004028	1821176	-88.15
3004572	1820969	-104.36
3004291	1820980	-83.43
3004495	1820837	-104.0
3004172	1821129	-77.379
3004579	1820812	-101.569
3004884	1821199	-91.72
3004446	1821373	-80.699
3004266	1820881	-95.47
3004306	1820899	-94.699
3004188	1821108	-78.18
3004776	1821315	-98.36
3004426	1820881	-105.51
3003997	1821185	-91.709
3004730	1820888	-105.849
3004248	1821328	-84.01
3003880	1821061	-91.989
3004298	1820893	-94.169
3004001	1821181	-91.599
3003703	1820799	-113.089
3004320	1821166	-88.54
3004457	1821359	-81.209
3004311	1820957	-84.349
3004302	1821137	-88.05
3004322	1821021	-87.779
3004767	1821313	-100.43
3004766	1821108	-101.239
3003821	1821020	-94.699
3004473	1821338	-81.709
3004369	1820688	-106.809
3004496	1820834	-107.389
3003909	1821086	-90.709
3004358	1820700	-106.54
3004574	1821129	-97.169
3004297	1821141	-86.51
3004302	1821147	-89.04
3003992	1820768	-101.87
3004204	1821084	-79.47
3004311	1820952	-84.61
3004171	1821286	-70.069
3004359	1820701	-106.47
3004484	1821242	-82.3
3003767	1820977	-96.98
3004975	1821397	-103.129
3004358	1821074	-81.779
3004527	1821191	-92.79
3004530	1821186	-92.61
3004770	1821111	-101.459
3004304	1821136	-88.12
3004996	1821368	-108.04
3004628	1821324	-95.059
3004271	1820869	-94.639
3004314	1820759	-99.75
3004317	1820943	-85.059
3004724	1821082	-100.839
3004523	1821198	-93.16
3004249	1821034	-81.709
3004529	1821182	-92.339
3004597	1821359	-95.87
3004464	1821350	-81.75
3004256	1821162	-76.12
3003953	1821238	-94.05
3004548	1821346	-95.639
3004495	1821068	-95.33
3003865	1820920	-105.65
3003951	1821237	-93.919
3004203	1821092	-79.279
3004447	1821122	-94.029
3004451	1820897	-105.089
3004465	1821348	-81.819
3004482	1820925	-97.87
3004282	1820896	-95.48
3004202	1821233	-72.059
3004246	1821326	-84.16
3004194	1820922	-92.83
3004205	1821230	-72.23
3004365	1821059	-82.5
3003711	1820793	-111.05
3003892	1821073	-91.879
3004199	1821091	-79.44
3004303	1820772	-99.569
3004265	1821341	-85.11
3004303	1820774	-99.599
3004158	1820979	-92.959
3004604	1820922	-103.019
3004430	1820885	-107.76
3004307	1820962	-84.61
3004522	1821192	-93.099
3004312	1820949	-85.04
3004093	1821234	-81.849
3004316	1820755	-99.959
3003890	1821076	-92.029
3004529	1821188	-92.959
3004373	1821064	-82.72
3004320	1820749	-99.919
3004722	1821080	-101.43
3004513	1821205	-93.93
3003885	1821066	-92.37
3004432	1821255	-80.73
3004503	1821217	-93.98
3003721	1820931	-109.01
3005081	1821253	-106.11
3003953	1821239	-94.449
3003873	1821061	-92.87
3004191	1821105	-78.949
3004093	1821235	-82.0
3004264	1820879	-96.169
3003955	1821238	-91.23
3004302	1820962	-84.769
3004972	1821404	-104.089
3004566	1821132	-99.019
3004016	1821172	-90.339
3004570	1820824	-102.47
3004246	1821038	-81.91
3004168	1821291	-70.65
3004229	1821197	-74.389
3004560	1821208	-97.309
3004288	1821357	-86.239
3004196	1821242	-71.919
3004351	1820707	-107.58
3003888	1821069	-92.389
3004546	1820819	-101.699
3003967	1821231	-89.9
3004591	1820944	-103.94
3003827	1821030	-95.139
3004354	1820704	-107.54
3003759	1820871	-110.629
3004320	1820943	-85.559
3005056	1821287	-106.5
3004177	1821275	-70.839
3004352	1821070	-85.989
3003774	1820987	-97.339
3004347	1821078	-86.26
3003820	1821025	-95.51
3004557	1820827	-107.22
3004508	1820831	-102.629
3004595	1820938	-102.79
3004327	1820903	-88.79
3004452	1820899	-104.809
3004199	1820838	-101.48
3003883	1821064	-92.769
3004977	1821416	-104.47
3004250	1821329	-84.76
3003766	1820865	-111.879
3004363	1820710	-107.72
3004567	1821135	-98.199
3003718	1820807	-113.019
3003726	1820944	-109.58
3003924	1821103	-90.699
3004206	1821088	-80.099
3004995	1821168	-104.72
3004440	1820892	-104.639
3004492	1821238	-83.37
3004314	1820904	-87.69
3004507	1821218	-93.83
3004851	1821175	-92.25
3004108	1821109	-85.069
3004574	1821128	-98.19
3004521	1821193	-93.669
3004249	1821171	-76.209
3004164	1821296	-71.18
3004282	1821352	-86.059
3003958	1821236	-91.19
3003992	1821156	-91.459
3004624	1821255	-94.779
3003987	1820764	-102.849
3004377	1820916	-95.209
3003739	1820898	-98.87
3004508	1821210	-94.739
3004604	1820926	-101.48
3004288	1820884	-95.65
3004177	1821123	-78.76
3004170	1821289	-71.0
3003944	1821117	-89.639
3004327	1820739	-100.099
3003997	1820772	-103.699
3003750	1820825	-110.519
3004236	1821318	-84.23
3004306	1821133	-88.669
3003847	1821044	-94.599
3004473	1821139	-94.18
3004191	1821106	-79.47
3004174	1821280	-71.08
3004461	1821354	-82.5
3004528	1820805	-105.589
3004432	1821110	-94.199
3004319	1820939	-86.089
3004243	1821042	-82.199
3004620	1821330	-96.4
3004566	1821136	-98.529
3004726	1821083	-101.8
3003708	1820790	-112.139
3004741	1820880	-107.279
3004152	1820889	-99.36
3004467	1820876	-107.43
3004362	1821055	-87.629
3004577	1820789	-111.889
3004452	1820894	-105.98
3004487	1821151	-95.529
3004400	1821229	-80.339
3003877	1821061	-93.449
3004308	1820767	-100.589
3004291	1820988	-84.569
3004467	1821347	-82.849
3004332	1820898	-88.83
3004478	1821250	-83.18
3004482	1821245	-83.37
3004578	1820814	-103.36
3004524	1820803	-104.41
3004291	1820790	-99.029
3004310	1820765	-100.73
3004531	1821181	-93.569
3004511	1821213	-94.349
3004355	1821065	-87.029
3003844	1821042	-94.989
3003736	1820813	-111.519
3004291	1820886	-95.9
3004305	1820770	-100.58
3004307	1820899	-96.23
3004651	1821303	-97.209
3004246	1821175	-76.37
3004356	1821195	-79.29
3003663	1820997	-110.8
3004761	1821104	-102.669
3003877	1821058	-93.61
3005059	1821283	-107.11
3004573	1821130	-98.51
3004310	1820959	-85.699
3004747	1821096	-102.36
3004331	1820899	-89.04
3004569	1820972	-105.389
3004311	1821159	-90.569
3004774	1821317	-100.01
3004311	1821127	-88.379
3004751	1821331	-102.0
3004188	1821110	-79.66
3004537	1821189	-93.919
3004750	1821333	-102.279
3004769	1821311	-102.889
3004608	1821360	-97.559
3004470	1821343	-83.12
3004062	1821284	-80.15
3004637	1821265	-94.779
3004565	1821359	-97.15
3004329	1820737	-102.849
3004030	1821312	-88.3
3004615	1821333	-97.069
3004320	1821381	-88.68
3004524	1821180	-94.349
3004474	1821254	-83.239
3004278	1821141	-78.72
3004290	1820903	-96.589
3004515	1821202	-94.75
3004497	1820832	-108.919
3004315	1821121	-87.889
3004093	1821098	-86.26
3004056	1820936	-98.209
3004756	1821101	-102.739
3004487	1821239	-83.83
3004294	1820994	-84.68
3004103	1821105	-86.069
3004507	1820826	-107.959
3004514	1821172	-94.739
3004527	1820959	-99.339
3004412	1821004	-86.169
3005008	1821351	-107.269
3004554	1821350	-96.19
3004182	1821264	-72.029
3004460	1820908	-105.279
3004199	1821236	-73.169
3004188	1821253	-72.48
3003876	1821064	-93.849
3004002	1821167	-92.69
3004569	1821132	-99.19
3004649	1821294	-97.779
3004523	1821190	-94.279
3004719	1821079	-102.66
3004308	1821135	-89.36
3004318	1820940	-86.629
3004303	1820959	-85.989
3004602	1820928	-102.16
3004759	1821322	-100.97
3004756	1821325	-101.3
3004098	1821102	-86.62
3004407	1820873	-102.5
3004604	1820920	-103.949
3004315	1820944	-86.569
3004370	1821063	-84.029
3004770	1821308	-103.519
3004299	1820971	-85.68
3004625	1821337	-95.04
3004070	1821209	-81.139
3004312	1820926	-91.739
3003755	1820828	-111.08
3004322	1820905	-93.699
3004620	1821346	-94.94
3004348	1821086	-82.94
3004568	1821133	-99.41
3004012	1821035	-94.589
3004294	1821362	-87.65
3003908	1821086	-92.58
3004746	1821095	-102.769
3004302	1820778	-101.08
3004310	1820901	-96.599
3004052	1820933	-98.73
3004567	1821131	-100.22
3004026	1821318	-86.72
3004282	1821142	-79.209
3004456	1821360	-83.11
3004137	1820994	-89.239
3004035	1821307	-88.379
3004534	1821176	-93.459
3004257	1821335	-86.309
3004261	1820873	-97.3
3003881	1820932	-104.959
3004856	1821179	-93.339
3004519	1820806	-108.639
3003764	1820839	-111.79
3004595	1821362	-98.62
3004281	1820879	-96.349
3003731	1820809	-112.319
3004367	1821063	-84.22
3004451	1820896	-106.889
3004506	1821214	-95.48
3004567	1821130	-100.709
3005053	1821291	-107.87
3003680	1820974	-117.199
3004305	1821139	-90.18
3004273	1820872	-96.55
3004368	1821062	-84.349
3003770	1820863	-113.319
3004738	1821090	-102.91
3004553	1820824	-104.87
3004076	1821213	-81.05
3004262	1820877	-97.739
3004576	1821130	-98.779
3004544	1820816	-105.419
3004043	1821187	-89.199
3004271	1820886	-97.809
3004307	1821131	-89.54
3003736	1820819	-113.5
3003773	1820861	-113.879
3003898	1821078	-93.41
3004313	1821124	-88.83
3004358	1821062	-84.099
3003796	1820999	-97.94
3004302	1820776	-101.4
3003949	1821123	-90.489
3003808	1821009	-97.489
3004211	1821222	-74.54
3004146	1821138	-80.029
3004972	1821406	-105.819
3004478	1821143	-96.919
3004261	1821338	-86.79
3004506	1820739	-112.879
3004605	1821362	-98.559
3004284	1820881	-96.589
3004286	1820883	-97.0
3004612	1821338	-97.83
3004302	1820782	-101.61
3004599	1820933	-104.01
3004275	1820874	-96.809
3004331	1820733	-104.269
3004328	1821112	-87.919
3003726	1820806	-112.93
3004363	1821068	-84.29
3004343	1821093	-86.989
3004623	1821339	-96.68
3004641	1821316	-97.12
3004456	1820889	-107.209
3004315	1820925	-94.76
3004748	1821335	-103.269
3004391	1820897	-103.3
3004219	1821085	-81.68
3004361	1820698	-108.41
3004401	1820884	-103.19
3004317	1821119	-88.629
3004271	1820871	-96.989
3004492	1821154	-94.91
3004407	1821236	-81.87
3004357	1821064	-84.33
3003931	1821108	-91.919
3004525	1821188	-95.04
3004262	1820875	-97.959
3004363	1820931	-96.08
3003867	1821057	-95.129
3003698	1820787	-113.23
3004499	1820741	-107.44
3004548	1821161	-94.169
3004762	1821319	-101.459
3004180	1820823	-102.449
3003877	1821059	-94.779
3004364	1821056	-84.76
3004533	1821179	-94.8
3004411	1821094	-95.099
3004302	1820913	-96.029
3004371	1820686	-109.459
3004030	1820916	-100.26
3004351	1821073	-88.019
3003937	1821113	-91.669
3004630	1821330	-96.86
3004360	1821058	-88.65
3003756	1820875	-112.959
3003841	1821041	-96.449
3004299	1820788	-101.87
3004004	1821170	-93.86
3003904	1821088	-93.58
3004563	1821137	-100.669
3003725	1820919	-100.919
3004754	1821328	-102.58
3004366	1820691	-109.47
3004534	1821182	-94.989
3004313	1820946	-87.44
3004271	1821131	-80.209
3004274	1820872	-97.15
3003714	1820796	-113.489
3004527	1821185	-95.169
3003805	1821012	-98.139
3004542	1821169	-94.55
3004370	1820686	-109.65
3004270	1821344	-87.55
3004728	1821085	-103.5
3003839	1821039	-96.739
3004443	1821378	-83.559
3004575	1821130	-99.699
3004617	1821332	-98.279
3004361	1821070	-84.709
3004540	1821173	-94.599
3004198	1820923	-95.25
3004340	1821087	-88.16
3004330	1821109	-88.19
3004601	1820931	-104.519
3004574	1821130	-99.87
3004732	1821087	-103.599
3004476	1821252	-84.72
3004494	1820839	-107.08
3004746	1821094	-103.839
3004299	1820893	-97.099
3004614	1821336	-98.349
3004576	1821101	-98.699
3004610	1821357	-98.269
3004164	1820901	-101.15
3004561	1821140	-99.54
3004201	1820922	-95.23
3004192	1821247	-74.04
3003778	1820986	-99.389
3004302	1820786	-102.3
3004296	1820913	-96.709
3004607	1821345	-97.029
3004517	1821199	-96.01
3004205	1820921	-95.129
3004325	1821115	-88.76
3003743	1820823	-114.199
3004216	1820909	-95.12
3003785	1820995	-99.169
3004567	1821132	-101.059
3004338	1821091	-88.139
3004340	1821096	-87.68
3004320	1820906	-89.809
3004343	1821084	-88.36
3004489	1821236	-85.43
3003749	1820885	-109.379
3004318	1820752	-102.58
3004548	1821157	-99.18
3004128	1820873	-101.199
3004747	1821094	-104.019
3004540	1821171	-94.9
3004038	1821184	-90.75
3004744	1821093	-104.01
3004480	1821252	-85.089
3004363	1821057	-85.29
3004622	1821341	-96.33
3004217	1821215	-75.8
3004219	1821212	-75.97
3003774	1820841	-112.48
3004261	1820872	-98.48
3004770	1821321	-102.099
3004355	1820703	-109.989
3004086	1820957	-96.86
3004276	1821348	-88.11
3003875	1821067	-95.459
3003698	1820794	-117.169
3003809	1821015	-98.44
3004532	1821184	-95.61
3003810	1820872	-104.26
3004539	1821173	-95.029
3004325	1820742	-102.449
3004363	1820696	-110.11
3004356	1821076	-84.839
3004628	1821334	-96.599
3004452	1820898	-107.629
3004349	1821076	-88.889
3004572	1821130	-100.65
3004293	1820789	-101.019
3004323	1820746	-102.669
3004960	1821220	-106.04
3004312	1820948	-88.04
3004452	1820895	-108.25
3003885	1821069	-95.239
3004731	1821086	-104.12
3003853	1821047	-96.699
3004311	1820953	-87.94
3003801	1821008	-98.98
3004379	1820912	-97.489
3003927	1821217	-95.599
3004213	1820914	-95.55
3004312	1821129	-90.54
3004081	1820954	-97.72
3004562	1821142	-98.66
3004736	1820884	-109.54
3004328	1820911	-89.29
3004572	1820786	-107.43
3003878	1821062	-95.709
3004393	1821080	-93.12
3004390	1821077	-94.12
3004764	1821316	-102.339
3004760	1821333	-103.68
3004614	1821352	-97.139
3003918	1821098	-93.8
3003994	1821020	-98.44
3004320	1820934	-88.75
3004343	1820822	-104.05
3004600	1821354	-97.5
3004746	1821350	-103.489
3004176	1821277	-73.73
3004303	1820896	-96.93
3004368	1820927	-95.79
3004578	1821101	-98.629
3004268	1820868	-98.25
3004743	1821092	-104.55
3003777	1820844	-113.01
3004460	1821354	-85.05
3004612	1821355	-98.529
3004134	1820876	-101.51
3004232	1821194	-77.69
3004297	1820788	-102.87
3004340	1821035	-95.86
3003835	1821037	-97.849
3004597	1820935	-105.51
3004009	1821174	-94.959
3004265	1820868	-98.589
3004312	1820762	-103.33
3003840	1821040	-97.72
3004322	1821118	-89.86
3004359	1820700	-110.379
3004617	1821350	-96.949
3004550	1820768	-108.04
3004174	1820960	-97.949
3004329	1820736	-104.69
3004212	1821090	-82.989
3004335	1821032	-96.11
3004542	1821193	-96.75
3003884	1821070	-95.8
3004333	1821105	-88.91
3004621	1821344	-97.11
3004734	1820885	-109.949
3004519	1821176	-96.65
3004536	1821176	-95.389
3004295	1820788	-102.08
3004758	1821337	-103.93
3004329	1821104	-89.01
3003988	1821152	-94.26
3004604	1821348	-97.93
3004306	1820791	-103.489
3004453	1820893	-108.8
3004309	1820918	-91.559
3003843	1821041	-97.73
3004305	1820916	-94.29
3004336	1821094	-89.11
3004303	1820775	-103.33
3004364	1821057	-86.29
3004563	1821139	-100.389
3004752	1821344	-104.059
3004365	1820714	-109.86
3004194	1821245	-75.309
3004753	1821099	-105.339
3004214	1821219	-76.61
3004338	1821099	-88.86
3004331	1821101	-89.019
3004047	1821192	-91.04
3004515	1820742	-112.699
3004201	1820926	-96.489
3004476	1820864	-108.169
3004306	1820768	-103.489
3004267	1820866	-98.73
3004321	1820907	-96.19
3003740	1820817	-114.29
3004514	1821209	-97.41
3004749	1821347	-104.139
3004318	1820929	-89.5
3004564	1821138	-101.73
3004095	1820755	-107.08
3004239	1820881	-98.769
3004313	1820955	-88.75
3004302	1820785	-103.639
3004592	1821375	-95.05
3004281	1820801	-102.349
3004619	1821251	-98.44
3004367	1820716	-110.44
3004459	1820886	-108.889
3004262	1820826	-98.08
3004316	1821124	-90.889
3004262	1820869	-99.389
3004541	1821170	-96.19
3004312	1820761	-103.87
3004745	1821094	-105.36
3004537	1821174	-96.22
3004305	1820955	-88.87
3004168	1820968	-99.37
3003870	1821057	-96.949
3004190	1820921	-97.139
3004145	1820992	-92.099
3004496	1821232	-87.15
3004076	1820949	-97.139
3003908	1820955	-104.139
3004205	1821291	-73.75
3003767	1820836	-114.15
3004283	1820798	-102.489
3004353	1821081	-85.9
3004282	1820879	-98.849
3004066	1821205	-84.269
3004278	1820876	-98.97
3004736	1821089	-105.36
3004048	1820929	-101.559
3004330	1821028	-96.87
3004486	1820755	-108.739
3004304	1820919	-94.43
3004269	1821137	-81.9
3004565	1821133	-103.129
3004564	1821135	-102.9
3004071	1820946	-96.269
3004482	1820856	-108.58
3004556	1821147	-99.76
3004269	1820869	-99.22
3004452	1821125	-97.75
3004447	1821373	-85.599
3004301	1820782	-103.93
3004302	1820784	-104.019
3004613	1821336	-100.29
3004125	1820987	-93.83
3004454	1821364	-85.87
3004544	1821167	-96.47
3004359	1821051	-94.36
3004301	1820781	-103.94
3004535	1821178	-96.959
3004097	1820755	-107.26
3004313	1820923	-94.19
3004602	1821351	-98.029
3004496	1820744	-109.379
3004345	1821038	-96.389
3004131	1820992	-89.0
3004171	1820964	-99.61
3004361	1821058	-87.059
3004259	1820830	-98.819
3004312	1820921	-92.199
3004400	1820750	-112.36
3004740	1821090	-105.839
3004060	1821072	-95.98
3004557	1821149	-98.9
3004222	1820902	-98.15
3004147	1820991	-92.529
3004558	1821144	-101.019
3004257	1820859	-99.75
3004121	1820984	-94.419
3003783	1820853	-108.709
3004141	1820994	-92.809
3004536	1821173	-97.01
3004370	1820687	-111.97
3004538	1821170	-96.959
3003781	1820856	-109.55
3004066	1820942	-96.16
3004734	1821088	-105.919
3004238	1821186	-79.589
3004116	1820981	-93.699
3003803	1821004	-100.66
3004325	1820743	-104.4
3004604	1820924	-106.68
3004331	1820913	-90.949
3004369	1820687	-112.059
3004365	1820929	-98.01
3004319	1821121	-91.48
3004371	1820685	-112.099
3004558	1821146	-99.94
3004314	1821127	-92.129
3003829	1821032	-99.65
3004069	1821079	-97.069
3004765	1821327	-104.75
3003929	1820970	-103.739
3003791	1821000	-101.269
3004122	1820869	-102.97
3004156	1820983	-96.639
3004304	1820773	-104.61
3004279	1820804	-98.309
3004327	1820740	-105.029
3004359	1821072	-87.069
3004733	1821365	-104.94
3004207	1820917	-97.48
3004316	1820756	-104.91
3004451	1821366	-86.41
3004367	1821060	-87.55
3004289	1820792	-103.169
3004367	1820852	-92.839
3003858	1820914	-109.86
3004366	1820692	-112.199
3004350	1821083	-86.69
3003949	1820985	-99.43
3004750	1821097	-106.44
3003784	1820990	-101.699
3004345	1821081	-90.91
3004335	1821102	-90.279
3004738	1821360	-105.04
3004371	1820684	-112.379
3004295	1820889	-99.709
3004150	1820989	-95.599
3004328	1821386	-91.099
3003736	1820904	-103.559
3004484	1820853	-109.599
3004198	1820930	-98.069
3004287	1820794	-103.48
3003901	1820949	-105.489
3004044	1821061	-98.279
3004755	1821340	-105.68
3003942	1820980	-100.22
3004345	1821090	-90.269
3004322	1821113	-91.459
3004367	1821061	-87.839
3003762	1820972	-102.75
3003887	1820938	-105.339
3003846	1821043	-99.349
3004064	1821076	-97.08
3004357	1820702	-112.18
3004357	1820701	-112.05
3004039	1821056	-98.669
3004354	1821078	-87.319
3004304	1820787	-105.36
3004560	1821144	-100.75
3004540	1821167	-97.66
3004018	1821039	-98.87
3004534	1821180	-98.199
3004325	1820904	-94.18
3004320	1820936	-91.059
3004095	1820754	-108.62
3004361	1821053	-92.58
3004375	1820918	-99.699
3004440	1821379	-86.66
3004156	1820893	-102.51
3003970	1821226	-94.839
3004305	1820788	-105.65
3004369	1820926	-98.569
3004334	1821097	-91.099
3004738	1821337	-108.58
3003990	1821194	-97.709
3004324	1821110	-91.75
3004311	1820764	-105.66
3004553	1821154	-100.889
3003879	1821066	-98.33
3004269	1820816	-100.26
3004235	1820880	-99.12
3004319	1821116	-92.199
3004006	1821030	-99.819
3004351	1821044	-94.099
3003978	1821145	-96.239
3004311	1820902	-96.48
3004371	1820923	-99.01
3004177	1820955	-100.01
3004277	1820876	-100.79
3004302	1820789	-105.76
3004301	1820780	-105.569
3004252	1820852	-99.919
3004348	1821041	-98.0
3004435	1821387	-86.87
3004154	1820803	-108.319
3004480	1821248	-88.389
3004264	1820823	-100.389
3004184	1820946	-99.62
3004615	1821335	-101.849
3004592	1821370	-95.75
3004493	1820842	-110.379
3004440	1821383	-87.129
3004153	1820986	-96.55
3004134	1820993	-90.48
3004303	1820788	-105.98
3004302	1820787	-105.93
3004368	1821063	-88.779
3004593	1821379	-97.66
3004599	1821368	-97.699
3004354	1821067	-88.3
3004554	1821150	-100.839
3004263	1820864	-101.309
3003962	1820996	-101.3
3004210	1820917	-98.709
3004254	1820838	-100.419
3004317	1820906	-94.91
3004365	1820693	-113.449
3004096	1820755	-109.339
3004301	1820788	-106.069
3003981	1821011	-102.19
3003763	1820868	-117.79
3004234	1820885	-99.83
3003972	1821141	-96.65
3004357	1821048	-96.11
3004368	1820689	-113.599
3004022	1821044	-99.9
3003832	1821035	-101.05
3004553	1820770	-112.319
3004260	1820861	-101.569
3003783	1820850	-110.08
3004551	1821157	-100.029
3004618	1821348	-99.989
3003894	1820944	-107.099
3004167	1820813	-108.04
3004317	1820904	-95.529
3004319	1820931	-92.19
3004536	1821177	-98.379
3004543	1821165	-98.72
3004549	1821159	-98.669
3003750	1820828	-116.569
3004768	1821324	-106.239
3004266	1820819	-101.22
3004763	1821330	-107.05
3004327	1821107	-92.41
3004472	1820869	-112.209
3004028	1821048	-99.58
3004302	1820788	-106.559
3004098	1820756	-109.639
3004545	1821165	-98.889
3004339	1820818	-107.48
3003837	1821038	-101.239
3004306	1820787	-106.839
3004551	1821153	-102.129
3004372	1820684	-113.709
3004208	1820919	-99.41
3004304	1820965	-91.48
3003746	1820890	-113.769
3004314	1820903	-94.089
3004227	1820895	-100.16
3004117	1820866	-104.129
3003968	1821001	-102.709
3004237	1820881	-100.849
3004195	1820933	-100.089
3004465	1820878	-111.959
3004409	1821426	-87.819
3004285	1820796	-105.489
3004034	1821053	-100.739
3004742	1821091	-108.47
3004365	1821066	-89.669
3004450	1821368	-88.639
3004368	1821064	-89.839
3003986	1821199	-99.419
3004055	1821069	-98.48
3003983	1821149	-97.79
3003816	1820878	-109.209
3004062	1820939	-95.15
3003822	1820884	-109.3
3004478	1820861	-111.769
3004425	1821402	-87.91
3004473	1820866	-112.3
3003990	1821198	-99.61
3004305	1820787	-107.36
3003852	1820909	-110.059
3004243	1820870	-102.11
3004491	1820844	-111.86
3004303	1820786	-107.3
3004364	1820695	-114.66
3004221	1820854	-106.05
3004369	1820851	-95.379
3004370	1820720	-114.62
3004237	1820880	-101.22
3004215	1820906	-99.86
3004555	1820826	-114.379
3004046	1820811	-109.73
3004360	1820698	-114.48
3004230	1820883	-100.41
3004090	1820961	-95.68
3004359	1821060	-90.19
3004354	1821046	-95.129
3004489	1820846	-112.25
3004402	1821428	-88.349
3003936	1820975	-105.879
3004233	1820881	-101.059
3004227	1820859	-106.25
3004188	1820942	-101.26
3004192	1820938	-101.04
3003915	1820960	-108.0
3003922	1820965	-106.459
3004232	1820881	-100.779
3004537	1820859	-99.769
3004469	1820874	-114.55
3004049	1821065	-98.23
3004257	1820833	-102.339
3004251	1820847	-102.069
3004024	1820794	-111.129
3004596	1821370	-98.01
3004711	1821394	-107.849
3004312	1820795	-108.089
3004229	1820892	-101.309
3004210	1820914	-100.809
3004249	1820875	-103.669
3004235	1820884	-101.889
3004042	1820807	-108.839
3004224	1820894	-101.709
3003988	1821016	-104.059
3004571	1820784	-111.709
3004222	1820898	-101.86
3004236	1820879	-101.879
3004306	1820788	-108.47
3004000	1821026	-102.849
3003982	1821205	-101.089
3004106	1820973	-96.86
3004725	1821374	-108.72
3004161	1820897	-106.33
3003966	1821136	-98.879
3004112	1820861	-107.989
3003975	1821006	-105.0
3004276	1820808	-102.569
3004229	1820884	-101.669
3004095	1820965	-96.68
3004238	1820881	-102.79
3004429	1821397	-89.61
3003978	1821211	-101.069
3004219	1820906	-102.569
3004236	1820881	-102.459
3004425	1821401	-89.589
3004555	1821151	-103.68
3003986	1821203	-101.529
3004348	1820826	-102.389
3003974	1821222	-97.98
3004237	1820879	-102.949
3004181	1820951	-103.11
3004100	1820969	-97.43
3004363	1820836	-97.629
3004325	1820806	-109.099
3004436	1821388	-90.519
3004487	1820848	-114.11
3004353	1820829	-103.059
3004303	1820790	-109.55
3004545	1821161	-101.739
3004255	1820857	-104.41
3004232	1820887	-103.129
3004187	1820919	-102.959
3004309	1820793	-109.709
3004231	1820890	-103.379
3004236	1820880	-103.449
3004421	1821407	-90.76
3004416	1821413	-90.76
3003955	1821127	-98.599
3004542	1821167	-102.51
3004139	1820879	-109.29
3003982	1821210	-103.18
3003961	1821132	-99.599
3004106	1820858	-110.069
3004256	1820836	-104.849
3004213	1820909	-102.949
3004273	1820812	-104.69
3003780	1820846	-114.29
3004204	1820921	-103.4
3004236	1820882	-104.319
3004111	1820978	-96.379
3004226	1820890	-104.059
3004409	1821421	-91.58
3004480	1820858	-115.58
3003955	1820990	-105.79
3003830	1820891	-113.099
3004433	1821393	-92.0
3003795	1820861	-114.839
3004373	1820921	-105.209
3004206	1820843	-111.819
3004416	1821415	-91.949
3004546	1821163	-103.589
3005108	1821219	-107.37
3004074	1820831	-110.68
