3003527	1821628	-81.069
3003515	1821620	-80.25
3003543	1821643	-85.93
3004061	1821411	-68.37
3003793	1822117	-92.529
3003778	1822293	-97.66
3003946	1821353	-78.4
3003868	1822143	-96.809
3003587	1821957	-94.589
3003683	1822209	-91.959
3003632	1821077	-83.3
3003549	1821648	-87.639
3004021	1821498	-73.239
3003621	1821069	-83.68
3003546	1821646	-87.73
3003519	1821623	-85.41
3003807	1822127	-94.339
3003745	1822267	-98.849
3003585	1821957	-93.94
3003626	1821073	-83.75
3003847	1822158	-93.5
3003775	1822075	-96.209
3003818	1821329	-88.709
3003375	1821694	-92.069
3003970	1821559	-73.4
3003683	1822208	-93.239
3003645	1821087	-84.05
3003656	1821097	-83.669
3003876	1821585	-80.559
3004066	1821416	-61.43
3003650	1821092	-84.029
3003727	1821552	-86.79
3003373	1821740	-97.15
3003783	1822210	-97.15
3004062	1821411	-71.26
3003639	1821082	-84.68
3004060	1821409	-70.629
3004065	1821416	-63.84
3004067	1821417	-60.889
3003942	1821313	-75.36
3003684	1821117	-83.739
3003749	1822220	-99.129
3003663	1821101	-84.5
3003507	1821614	-76.66
3003986	1821471	-72.54
3004062	1821410	-72.069
3003797	1822120	-95.989
3003677	1821112	-84.36
3003632	1821976	-88.879
3003813	1822131	-96.44
3004064	1821415	-66.419
3003671	1822212	-96.22
3003802	1822123	-96.3
3003670	1821107	-84.76
3003808	1822138	-96.47
3003947	1821358	-81.839
3003372	1821740	-98.43
3003875	1822133	-98.209
3003752	1822109	-98.43
3003684	1822206	-94.98
3004060	1821410	-71.73
3003649	1821653	-90.569
3003537	1821637	-89.47
3003530	1821631	-88.809
3003668	1822026	-92.449
3003908	1821924	-93.73
3003568	1822045	-91.47
3003371	1821740	-98.9
3003783	1821188	-81.41
3003704	1822145	-100.089
3003866	1822147	-96.629
3003583	1821954	-96.61
3003698	1821127	-84.569
3003931	1821532	-73.099
3003751	1822109	-99.089
3003736	1821557	-88.69
3003794	1821960	-92.69
3003584	1821961	-97.889
3003706	1822146	-100.349
3003919	1821289	-77.0
3004059	1821410	-71.099
3003584	1821955	-96.83
3003704	1821133	-84.48
3003577	1822046	-92.769
3003767	1822199	-100.44
3003773	1822197	-100.61
3003711	1821138	-84.43
3003790	1822303	-104.48
3003783	1821186	-82.16
3003708	1822148	-100.79
3003498	1821607	-78.529
3003736	1821547	-88.54
3003639	1821489	-75.819
3003776	1822188	-101.69
3003805	1822146	-97.87
3003807	1822141	-98.0
3003871	1822139	-101.889
3003762	1822094	-100.47
3004063	1821411	-72.55
3003810	1822133	-98.11
3003771	1822080	-100.739
3003687	1822203	-96.489
3003684	1822208	-96.459
3003584	1821956	-97.599
3003792	1822052	-96.76
3003493	1821603	-79.349
3003892	1821800	-92.099
3003918	1821519	-78.709
3003749	1821581	-89.389
3003724	1822144	-99.269
3003621	1821989	-90.93
3003961	1821467	-73.86
3003796	1821963	-93.97
3003698	1822187	-97.19
3003760	1822102	-100.33
3003749	1822114	-100.19
3004113	1821454	-78.18
3003372	1821791	-98.639
3003791	1822167	-98.41
3003374	1821740	-100.559
3003877	1821787	-91.04
3003762	1822206	-101.069
3004096	1821440	-64.839
3003403	1821759	-101.629
3003718	1821144	-85.41
3004088	1821435	-60.99
3003731	1821546	-88.089
3003947	1822020	-96.43
3003807	1822142	-98.819
3003962	1821967	-97.559
3004085	1821432	-60.59
3003780	1821507	-81.569
3003629	1821978	-91.51
3003823	1821323	-93.19
3003563	1821663	-94.129
3003710	1822148	-100.919
3003637	1821670	-93.4
3003787	1822213	-104.36
3003635	1822000	-93.62
3003773	1822192	-102.58
3003588	1822019	-93.23
3003488	1821599	-80.139
3003944	1821352	-83.849
3003661	1822021	-93.91
3003792	1821959	-94.76
3003659	1821941	-92.379
3003737	1821560	-90.47
3003459	1821859	-101.959
3003563	1821662	-93.849
3003576	1822040	-93.089
3003926	1821625	-84.019
3003712	1822167	-99.449
3003560	1821840	-94.989
3003756	1822105	-101.51
3003782	1821195	-83.519
3003826	1821936	-94.379
3003755	1821590	-89.349
3003411	1821764	-99.959
3003868	1821893	-97.51
3003587	1821958	-100.75
3003647	1822104	-101.44
3003675	1821623	-95.309
3004055	1821915	-93.349
3003563	1822052	-94.22
3003686	1822205	-98.04
3003937	1821356	-84.089
3003733	1821562	-91.019
3004064	1821414	-69.309
3003560	1821657	-95.33
3003540	1821640	-93.699
3003752	1822218	-102.87
3003586	1822057	-102.309
3003965	1821555	-76.589
3003775	1822201	-99.959
3003867	1821893	-97.75
3003934	1821271	-88.819
3003655	1821946	-93.15
3003750	1821170	-85.22
3003741	1821162	-85.66
3003603	1822072	-102.599
3003775	1822190	-103.629
3003743	1822120	-101.65
3003733	1821156	-86.08
3003814	1821851	-94.11
3003906	1821286	-79.459
3003807	1821733	-91.769
3003627	1821685	-93.309
3003943	1822041	-97.319
3003651	1821951	-93.4
3003625	1821690	-92.94
3003789	1822113	-99.01
3003727	1821554	-92.08
3003692	1822196	-98.599
3003767	1821182	-84.919
3003512	1821617	-80.8
3003757	1822103	-102.37
3003550	1821586	-79.879
3003841	1822086	-99.809
3003563	1821573	-79.519
3003604	1822001	-94.29
3003722	1822054	-93.68
3003882	1821904	-94.19
3003778	1822071	-101.23
3003911	1821289	-79.629
3003927	1821940	-95.37
3003572	1822040	-94.809
3003633	1821805	-93.04
3003562	1821661	-93.519
3003827	1821318	-92.629
3003731	1821559	-91.699
3003908	1822207	-105.419
3003926	1821940	-95.699
3003846	1821957	-99.15
3003923	1821531	-75.12
3003906	1821538	-78.15
3003837	1821309	-83.97
3003691	1821122	-88.08
3003895	1821914	-96.949
3003647	1821488	-78.099
3003714	1822149	-99.599
3003922	1821937	-96.419
3003624	1821702	-93.51
3003606	1821521	-88.47
3004058	1821410	-73.65
3003753	1821512	-84.569
3003707	1821860	-98.279
3003756	1822104	-102.72
3003701	1821853	-95.099
3003660	1821501	-77.79
3003756	1822276	-106.23
3003593	1822009	-94.66
3003742	1822125	-102.139
3003608	1822075	-100.41
3003777	1822203	-100.51
3003604	1822002	-94.949
3004276	1821887	-100.86
3003815	1822120	-100.919
3003828	1822333	-101.93
3003755	1822106	-102.86
3003809	1821336	-94.239
3003531	1822200	-99.61
3003922	1821621	-84.58
3003713	1821571	-93.529
3003543	1821594	-80.639
3003578	1822032	-95.36
3003994	1821477	-75.8
3003723	1821557	-92.699
3004058	1821409	-74.169
3003636	1821490	-78.83
3003889	1821275	-80.44
3003824	1822051	-101.73
3003936	1821498	-78.269
3003754	1822216	-103.3
3003566	1821569	-80.099
3003901	1821538	-80.559
3003620	1822083	-103.879
3003845	1822073	-102.019
3003592	1822016	-95.48
3003725	1821150	-87.33
3003903	1821284	-80.449
3003695	1822192	-99.599
3003729	1821556	-92.989
3003645	1821659	-94.699
3003775	1821188	-85.47
3004246	1822015	-100.68
3003943	1822018	-96.43
3003936	1821309	-80.48
3003561	1821659	-92.639
3003677	1822213	-100.58
3003812	1822124	-101.23
3003683	1821521	-86.51
3003702	1822182	-100.309
3003839	1821298	-79.0
3004096	1821859	-94.169
3003732	1822135	-102.3
3003733	1821275	-90.76
3003941	1821353	-87.419
3003410	1821763	-101.519
3003672	1821921	-94.379
3003955	1822023	-98.019
3003751	1821585	-92.339
3003859	1822168	-98.489
3003679	1821912	-93.66
3003927	1822004	-93.54
3003396	1822262	-97.22
3003620	1822176	-102.319
3003741	1822124	-102.86
3003738	1822231	-104.269
3003764	1822102	-100.94
3003951	1822022	-98.529
3003567	1821570	-80.55
3003754	1821589	-91.26
3003709	1821864	-96.69
3003880	1821588	-86.97
3003842	1822067	-102.68
3003827	1822104	-101.97
3003758	1821175	-86.55
3003722	1822145	-101.61
3003781	1822066	-101.949
3003894	1821913	-97.919
3003373	1821693	-98.339
3003775	1822189	-105.29
3004055	1821919	-95.139
3003590	1822015	-95.18
3004048	1821619	-84.76
3003952	1822031	-99.919
3003648	1821956	-94.639
3003764	1821600	-90.01
3004017	1821494	-77.819
3003588	1821544	-80.33
3003560	1822056	-96.239
3003922	1822001	-95.55
3003580	1822051	-101.98
3004054	1821627	-83.79
3003589	1822020	-96.61
3003747	1822222	-104.849
3003625	1821979	-94.709
3003749	1822112	-103.589
3003663	1821935	-94.68
3003738	1821563	-91.86
3003395	1822264	-97.599
3003897	1822197	-102.54
3004250	1822010	-101.5
3003772	1822288	-110.099
3003757	1821593	-91.739
3003652	1822109	-107.98
3003831	1822099	-102.4
3003883	1821267	-81.8
3003582	1822027	-96.25
3003692	1822046	-100.959
3003642	1822005	-96.48
3003936	1821633	-86.37
3003431	1822127	-101.37
3003786	1821831	-96.86
3003884	1821591	-87.48
3003759	1822208	-104.099
3003359	1821683	-96.98
3003547	1821602	-81.589
3003736	1821565	-93.529
3003931	1821942	-96.309
3003843	1821290	-80.169
3003709	1822172	-101.87
3003978	1821467	-77.22
3003915	1821523	-82.739
3003795	1822049	-100.129
3003643	1821488	-79.699
3004210	1822041	-104.11
3003727	1822146	-102.779
3003585	1822023	-96.23
3003723	1822150	-102.599
3003630	1821680	-95.36
3003799	1821207	-85.33
3003819	1822136	-101.879
3003772	1822192	-105.4
3004104	1821563	-84.72
3003964	1821968	-100.72
3004101	1821561	-83.22
3003770	1822002	-97.44
3003701	1822143	-104.129
3003555	1821836	-100.629
3003577	1821557	-81.01
3003872	1821582	-83.62
3003570	1821566	-81.15
3003498	1822001	-99.83
3004121	1821978	-101.919
3003912	1822205	-107.459
3003642	1821965	-94.459
3003777	1822185	-106.089
3003582	1821555	-80.989
3003858	1821962	-100.589
3003753	1822108	-103.949
3003908	1821811	-94.379
3003931	1822057	-97.23
3003939	1822046	-99.25
3003629	1821496	-80.3
3003635	1821973	-94.769
3003803	1821160	-108.279
3004061	1821932	-96.76
3003484	1821596	-83.459
3004114	1821831	-97.91
3004112	1821835	-97.569
3003780	1822181	-106.019
3003955	1821322	-80.959
3003991	1821475	-76.97
3003531	1821727	-96.66
3003967	1821970	-100.65
3003678	1821914	-95.029
3003864	1822151	-100.709
3004065	1821746	-92.37
3003845	1822076	-101.959
3003947	1821733	-86.629
3003773	1822200	-104.55
3003628	1821706	-96.309
3003764	1822202	-105.029
3004000	1821482	-78.019
3003758	1822211	-104.55
3003881	1821576	-84.919
3003917	1821532	-79.83
3003841	1821294	-80.51
3003352	1821761	-102.8
3004253	1822005	-103.16
3003578	1822031	-96.559
3003899	1821282	-81.91
3003521	1822192	-100.86
3004082	1821430	-63.86
3003790	1821958	-98.279
3003756	1822214	-104.55
3003729	1822139	-103.51
3003459	1821577	-99.529
3003639	1821809	-95.98
3003698	1821850	-99.739
3003654	1821647	-96.669
3003805	1821845	-96.959
3003628	1821800	-98.66
3003707	1822056	-98.849
3004070	1821939	-100.54
3004023	1821600	-86.669
3003575	1822035	-97.139
3003781	1822180	-105.79
3003912	1821928	-98.25
3003632	1821491	-80.739
3003648	1822010	-97.419
3003641	1821665	-96.379
3003812	1821738	-95.459
3003879	1822128	-103.389
3003653	1821009	-104.83
3003609	1821516	-91.059
3003735	1821278	-93.879
3003797	1821966	-98.23
3003716	1822148	-101.93
3003966	1821656	-84.83
3003710	1821872	-95.849
3003787	1822171	-103.37
3003910	1822208	-107.91
3003686	1821607	-96.65
3003821	1822048	-102.23
3003592	1822012	-96.209
3003858	1821773	-95.769
3003939	1821952	-95.55
3003564	1821576	-82.11
3003884	1821271	-82.58
3003740	1821567	-91.76
3003908	1821531	-83.12
3004219	1822042	-106.05
3003804	1821342	-94.97
3003750	1822025	-96.779
3003602	1822001	-96.309
3003683	1822210	-101.23
3003645	1821721	-98.5
3003645	1821813	-95.22
3003873	1821785	-95.22
3003402	1821758	-101.26
3003784	1821955	-100.419
3003737	1822128	-104.3
3003396	1822263	-98.87
3003789	1821194	-87.089
3003798	1821201	-86.73
3003775	1821997	-98.48
3003816	1822045	-102.129
3003498	1822176	-104.139
3003720	1821561	-94.72
3003730	1822242	-106.839
3003675	1821916	-95.309
3003585	1821548	-81.819
3003784	1822176	-105.029
3003785	1822061	-102.33
3003682	1822211	-101.37
3003577	1821561	-82.01
3003547	1821464	-98.11
3003773	1822078	-105.16
3004120	1821776	-94.79
3003489	1821881	-102.449
3003749	1821582	-94.199
3003705	1821856	-97.459
3004059	1821905	-97.279
3003793	1821198	-87.0
3003737	1822040	-98.11
3003875	1821581	-85.87
3003690	1821898	-95.61
3003797	1822158	-102.97
3003957	1821964	-98.98
3003820	1822113	-103.389
3003780	1822107	-98.15
3003689	1821899	-95.639
3003915	1821930	-97.489
3003888	1821594	-87.93
3003637	1822095	-105.309
3003784	1821190	-87.519
3003736	1821553	-95.389
3003921	1821935	-99.41
3003821	1821219	-85.91
3003697	1822051	-100.919
3003462	1821970	-103.76
3003871	1821579	-84.44
3003746	1822116	-104.989
3003718	1822148	-102.449
3003818	1821743	-94.19
3003719	1821548	-92.169
3004028	1822071	-103.839
3003801	1822041	-101.4
3003998	1821352	-78.0
3003691	1821600	-95.949
3003589	1821965	-101.51
3003599	1822068	-103.279
3003877	1821267	-83.29
3003894	1821984	-96.629
3003577	1821956	-100.129
3003378	1821696	-101.339
3003668	1822120	-107.08
3004028	1822017	-106.61
3003935	1822052	-100.279
3003791	1821201	-87.139
3003836	1822061	-104.44
3003904	1822201	-107.669
3003906	1821922	-98.379
3003739	1821283	-95.65
3003489	1821784	-103.68
3003765	1822089	-106.029
3003725	1821552	-95.01
3003730	1822047	-98.51
3003433	1821781	-97.319
3003770	1822196	-106.669
3003922	1821514	-82.25
3003559	1821656	-98.669
3003682	1821908	-95.69
3003981	1821468	-78.73
3003743	1821576	-92.339
3003855	1821293	-81.559
3004129	1821783	-94.809
3003581	1821953	-100.489
3003759	1822013	-97.959
3003830	1821864	-96.55
3003689	1822200	-101.93
3003863	1821965	-102.11
3003746	1821524	-87.41
3003737	1821281	-95.55
3003624	1821695	-96.25
3003778	1822184	-107.489
3003736	1822233	-107.43
3003737	1821542	-93.01
3004071	1821421	-66.04
3003741	1821572	-92.69
3003896	1822195	-104.809
3004084	1821548	-82.589
3003791	1821516	-87.68
3003674	1821916	-95.69
3003851	1821565	-84.08
3003386	1821746	-104.26
3004103	1821852	-97.58
3003909	1821536	-81.309
3003947	1821955	-95.79
3003998	1821581	-85.309
3003732	1821308	-101.389
3004065	1821935	-98.209
3003590	1822060	-104.279
3003700	1821893	-96.029
3003760	1821703	-96.239
3003646	1821208	-97.68
3003936	1822011	-95.309
3003917	1821933	-98.769
3003940	1822015	-97.389
3003735	1821541	-92.91
3003838	1822090	-104.339
3003719	1822155	-104.239
3003907	1822205	-108.9
3003596	1821536	-82.209
3003833	1821948	-103.44
3004086	1821950	-101.65
3003888	1821908	-95.199
3003579	1822048	-101.589
3003684	1821907	-96.3
3003469	1821585	-98.75
3003983	1821469	-78.93
3003784	1822298	-106.01
3003970	1821221	-92.519
3003715	1821567	-94.559
3003776	1821823	-100.66
3003547	1821589	-83.519
3003952	1821477	-79.959
3003898	1822096	-100.529
3003746	1821576	-92.33
3003540	1822207	-103.379
3004188	1822030	-105.11
3003809	1822136	-103.86
3003824	1822140	-102.04
3003565	1822049	-98.389
3003814	1821214	-86.879
3003926	1821300	-83.209
3004221	1821954	-104.239
3003699	1821763	-97.76
3003862	1822154	-101.93
3003585	1821962	-104.51
3003607	1821522	-82.12
3004216	1821949	-105.019
3003587	1821548	-82.66
3003681	1822212	-102.25
3003680	1821615	-98.569
3004169	1822015	-106.059
3003807	1821213	-87.01
3003490	1821765	-102.97
3004100	1821759	-93.16
3003853	1822163	-102.069
3003896	1821803	-97.79
3003902	1821919	-98.489
3003931	1821276	-91.66
3003876	1821581	-87.349
3003572	1821567	-83.08
3003624	1821699	-97.3
3004007	1821589	-84.68
3003684	1822207	-102.389
3003766	1822102	-102.3
3003721	1821549	-93.099
3003720	1822146	-103.36
3004194	1822035	-105.019
3003921	1821296	-83.339
3003932	1821503	-83.379
3003581	1821552	-82.97
3003830	1822144	-103.41
3003894	1822102	-100.599
3003505	1822005	-102.41
3003872	1821580	-85.349
3004027	1821604	-87.79
3003577	1821951	-103.47
3003779	1821826	-97.41
3003900	1821918	-99.33
3003673	1822123	-105.209
3003889	1821910	-94.44
3003622	1821979	-97.61
3003890	1821272	-84.029
3003911	1821927	-100.65
3003776	1822105	-101.699
3003883	1821571	-86.23
3003786	1821192	-88.449
3003842	1821954	-104.01
3003729	1821272	-91.949
3003626	1822087	-103.569
3003826	1821932	-97.79
3003876	1821261	-84.669
3003829	1821945	-101.66
3003766	1821494	-89.08
3003594	1822064	-98.739
3003910	1821287	-83.76
3003769	1821497	-89.54
3003739	1822130	-105.629
3003495	1821998	-101.87
3003594	1822013	-98.589
3003687	1821902	-96.599
3003730	1822253	-106.26
3003939	1821949	-97.51
3003780	1821992	-99.83
3003724	1822052	-99.0
3004042	1821653	-87.019
3003599	1822007	-98.51
3003600	1822005	-98.26
3003865	1821779	-94.209
3003794	1822162	-104.16
3003773	1822195	-107.699
3004081	1821879	-97.29
3003941	1822185	-106.699
3003787	1821512	-88.779
3003834	1821657	-93.25
3003688	1822132	-106.25
3004011	1821699	-90.339
3003789	1821983	-99.889
3003395	1822263	-100.33
3003928	1821280	-92.389
3003803	1821205	-87.97
3003943	1821539	-82.889
3004111	1821769	-93.48
3004055	1821631	-86.51
3003679	1821747	-99.22
3003729	1821313	-102.04
3003355	1821756	-105.029
3003845	1822080	-103.629
3004092	1821554	-84.029
3003703	1821893	-95.33
3003733	1822238	-108.309
3004092	1822067	-105.879
3003870	1821577	-85.819
3003783	1821509	-88.739
3003937	1821789	-93.62
3003899	1821806	-97.05
3003943	1821782	-93.599
3003670	1821629	-100.069
3003444	1821788	-102.529
3003740	1821287	-97.26
3003912	1821528	-84.75
3003946	1821362	-90.0
3003785	1821987	-99.94
3004007	1821695	-90.349
3003603	1822002	-98.569
3003811	1822129	-104.65
3003731	1822141	-105.599
3003591	1821542	-83.19
3003784	1821185	-89.23
3003868	1821579	-85.779
3003560	1821577	-84.0
3003930	1821304	-83.97
3003900	1821280	-84.279
3004222	1821748	-94.22
3003467	1821975	-106.779
3004005	1821347	-80.379
3003753	1821510	-89.699
3003699	1822053	-101.97
3003926	1821510	-83.69
3003804	1822148	-104.62
3004125	1821779	-96.54
3003858	1821890	-101.41
3003798	1821839	-99.069
3003944	1822181	-107.22
3003744	1821573	-94.08
3003958	1822022	-101.58
3003822	1822327	-107.29
3003799	1822043	-102.98
3003959	1821768	-94.23
3003804	1822040	-102.3
3003383	1821744	-107.099
3003947	1822036	-102.129
3003693	1821896	-97.069
3003715	1822161	-105.059
3003856	1821569	-85.089
3003550	1821602	-84.459
3003603	1822001	-98.589
3004000	1821688	-90.4
3003737	1821792	-100.15
3003630	1821708	-97.309
3004143	1821893	-102.379
3003703	1822054	-100.889
3003870	1821262	-85.069
3004004	1821485	-80.019
3004075	1821942	-102.779
3003718	1821564	-95.01
3003371	1821691	-100.87
3003990	1821674	-89.48
3003904	1821282	-84.5
3003955	1821770	-94.86
3003638	1821970	-97.089
3004088	1821551	-84.41
3004067	1821895	-99.65
3003767	1822284	-108.69
3004108	1821841	-99.43
3003637	1821486	-82.94
3003731	1821914	-102.019
3003843	1821763	-95.26
3003544	1821467	-99.51
3003645	1821962	-97.37
3004103	1821856	-98.809
3004023	1821677	-89.419
3003809	1821736	-97.879
3003765	1822007	-100.4
3003929	1821507	-84.15
3004041	1821614	-88.58
3003693	1821846	-98.309
3004005	1821785	-97.089
3003939	1821536	-81.529
3003844	1822070	-106.15
3003779	1822205	-104.779
3003885	1821567	-86.9
3003902	1821809	-99.209
3004134	1821792	-96.779
3003940	1821735	-92.199
3003860	1822159	-102.319
3004094	1821752	-95.419
3003769	1822103	-103.36
3003758	1822102	-107.169
3004239	1822024	-104.08
3003963	1821767	-93.779
3003685	1821904	-97.569
3003723	1821550	-94.79
3003666	1821930	-98.089
3003846	1821765	-93.83
3003619	1821885	-104.86
3003789	1822056	-103.61
3003746	1821688	-96.419
3003914	1821289	-84.639
3003656	1821820	-96.79
3004004	1821683	-90.86
3003834	1822094	-105.83
3003894	1821279	-84.629
3003580	1821764	-105.739
3003502	1821611	-85.959
3003799	1821519	-91.26
3003699	1822141	-106.8
3004069	1821419	-68.779
3004267	1821985	-107.269
3003683	1822039	-100.389
3003577	1822036	-99.66
3003704	1821880	-98.55
3003727	1822142	-106.05
3004104	1821846	-99.349
3003589	1821959	-105.849
3003891	1822191	-105.089
3003400	1821931	-106.669
3003550	1821831	-104.4
3003969	1821465	-82.599
3003905	1821810	-97.86
3003814	1821332	-99.08
3003758	1822101	-107.459
3003633	1821675	-98.43
3003845	1821302	-82.8
3004115	1821974	-104.699
3003762	1822102	-105.919
3003941	1821950	-97.8
3004061	1821755	-94.41
3003553	1821583	-84.849
3004010	1821684	-91.29
3003937	1821735	-91.279
3003735	1822132	-106.54
3003754	1822018	-99.069
3003580	1821958	-104.26
3003886	1821564	-85.279
3003823	1822109	-105.809
3004152	1822001	-106.059
3003981	1821770	-97.37
3003769	1821502	-90.4
3003880	1821578	-88.819
3003464	1821581	-100.47
3003761	1821496	-90.779
3003841	1821306	-82.739
3003583	1822054	-107.73
3004008	1821488	-80.239
3003983	1821690	-95.629
3003913	1821534	-83.16
3003937	1821267	-91.169
3003545	1821600	-85.22
3003746	1821579	-94.94
3003504	1822180	-103.339
3003877	1821568	-83.839
3003859	1821249	-86.54
3003796	1821969	-101.0
3003953	1822169	-108.459
3003849	1821299	-83.19
3003818	1822117	-106.08
3003693	1821895	-97.75
3003768	1821604	-93.68
3003742	1821571	-94.599
3004132	1821885	-102.91
3003989	1821474	-79.739
3003997	1821480	-80.23
3003837	1821950	-104.169
3003878	1821579	-88.569
3003735	1822135	-106.739
3003909	1821288	-84.919
3003710	1821868	-98.919
3003949	1821957	-97.62
3003601	1822001	-99.459
3003929	1822200	-109.139
3003952	1821545	-84.47
3003934	1821534	-82.059
3003844	1821237	-87.309
3004025	1821501	-80.589
3003799	1821165	-111.309
3003679	1821519	-82.169
3003583	1822026	-100.19
3003930	1821944	-99.849
3003662	1821504	-82.79
3004097	1821756	-95.62
3003757	1821595	-94.279
3004011	1821684	-91.72
3003905	1821534	-85.69
3003873	1821896	-98.72
3004105	1821847	-100.019
3003937	1821947	-99.989
3003502	1822003	-103.22
3003948	1821542	-84.65
3003959	1821965	-102.819
3003821	1821649	-95.3
3003659	1821642	-99.879
3003671	1821918	-98.449
3003823	1821225	-88.11
3003750	1821518	-89.379
3003738	1821569	-94.019
3003888	1821560	-84.97
3003688	1821843	-100.87
3003912	1821994	-101.08
3003998	1821686	-90.87
3003912	1821290	-85.16
3003815	1821219	-88.54
3003760	1822098	-108.11
3003823	1821320	-99.86
3004092	1821955	-104.19
3003731	1822240	-109.73
3004054	1821636	-87.68
3003738	1821538	-93.489
3003513	1822003	-104.19
3004001	1822105	-106.79
3003926	1822203	-109.019
3004245	1821971	-106.94
3003888	1821555	-82.839
3003744	1822224	-108.93
3004087	1822062	-107.26
3003601	1822002	-99.3
3003848	1821285	-84.519
3003863	1821890	-103.23
3003931	1821629	-90.66
3004168	1821811	-99.05
3004081	1822058	-106.43
3004126	1821983	-104.959
3004096	1821557	-87.599
3003761	1821500	-91.199
3003669	1821925	-99.019
3003843	1822083	-105.29
3003806	1822143	-105.949
3003382	1821799	-102.48
3003355	1821754	-106.66
3003961	1821652	-90.989
3003766	1821501	-91.139
3004008	1821786	-96.279
3003970	1821659	-91.18
3003617	1821508	-84.319
3003994	1821351	-80.489
3003833	1822058	-106.569
3003862	1821256	-86.62
3003456	1821966	-107.029
3004003	1821682	-91.779
3003959	1822163	-107.86
3003966	1821465	-81.54
3003834	1822337	-108.36
3003921	1821806	-93.66
3003760	1821597	-94.949
3003797	1822046	-104.349
3003701	1822054	-102.25
3003612	1821514	-84.489
3003352	1821763	-104.949
3003869	1821782	-96.669
3003974	1821563	-84.819
3003746	1822030	-99.79
3003614	1821983	-99.65
3003705	1822055	-104.099
3003511	1822004	-105.41
3003766	1821604	-94.279
3004012	1821593	-86.169
3004106	1821863	-100.18
3003632	1822091	-105.449
3003396	1821934	-107.449
3004006	1821684	-91.98
3004014	1821683	-92.37
3003874	1821570	-84.389
3003829	1821225	-88.569
3004037	1821510	-86.639
3003808	1821209	-89.529
3004103	1821964	-103.65
3003791	1821174	-100.309
3003545	1821592	-86.01
3003945	1821955	-98.47
3003657	1821495	-83.54
3003642	1822100	-104.98
3004126	1821881	-101.86
3003719	1822055	-99.44
3004116	1821830	-101.72
3003955	1821474	-83.449
3003958	1821470	-83.639
3003961	1822020	-101.0
3003762	1822280	-110.529
3003916	1821293	-85.559
3003667	1821739	-100.48
3003994	1821676	-91.29
3003888	1821797	-95.639
3003614	1822079	-103.709
3003960	1822022	-101.449
3003863	1822165	-104.349
3003687	1821524	-91.599
3003839	1821237	-87.989
3003834	1822149	-104.58
3003454	1821573	-102.05
3004118	1821827	-101.099
3004148	1821898	-104.209
3003664	1821636	-101.239
3003831	1821231	-88.33
3003995	1821684	-90.87
3003862	1821776	-97.65
3003992	1821776	-98.629
3004001	1821681	-92.08
3003599	1822001	-99.33
3003934	1821948	-100.389
3003740	1822229	-109.54
3003665	1821507	-83.41
3003831	1821919	-100.349
3003626	1821704	-99.29
3003764	1821814	-100.01
3003896	1821277	-86.139
3003601	1821871	-103.769
3003795	1821519	-91.43
3003636	1821714	-99.639
3003422	1821773	-105.169
3003956	1821649	-93.19
3003796	1821004	-100.37
3003756	1821806	-101.65
3004093	1821749	-93.4
3004108	1821867	-100.389
3004002	1821585	-88.26
3003707	1821876	-100.12
3003851	1821242	-87.959
3004115	1821773	-97.08
3004073	1821422	-68.209
3004135	1821797	-98.23
3003854	1821249	-87.54
3003967	1821767	-95.379
3003455	1821856	-109.4
3004056	1821910	-100.449
3003701	1821587	-95.139
3003937	1822190	-108.68
3003627	1821497	-84.709
3003999	1821687	-92.19
3003598	1822008	-100.75
3004012	1821491	-83.089
3003786	1821182	-91.5
3004060	1821757	-95.61
3003708	1821445	-86.36
3004091	1821865	-100.29
3003986	1821773	-98.809
3004134	1821806	-97.76
3003888	1822189	-103.559
3003996	1821678	-91.3
3003884	1821794	-97.79
3003709	1821575	-97.279
3004131	1821787	-97.879
3003402	1822256	-102.709
3003850	1821768	-94.16
3003933	1821734	-93.379
3003883	1822122	-101.129
3003915	1821810	-94.639
3003946	1822177	-109.389
3004096	1821731	-94.15
3003916	1822206	-111.94
3003697	1821890	-99.209
3003543	1821597	-86.54
3003634	1821712	-99.169
3003854	1821770	-98.01
3004048	1821771	-95.669
3003559	1821586	-86.19
3003902	1821989	-101.779
3003854	1821287	-85.209
3004007	1822097	-107.709
3004115	1821572	-89.809
3003956	1821548	-84.389
3003681	1821911	-99.559
3003836	1821304	-84.309
3003499	1821890	-105.62
3003705	1821580	-97.97
3004157	1821805	-100.8
3003431	1822130	-106.029
3003896	1821601	-89.529
3004180	1821923	-105.319
3004093	1821735	-94.449
3003885	1821697	-98.389
3003796	1822307	-109.5
3003867	1821255	-87.61
3003943	1821952	-98.989
3003409	1822248	-103.199
3003791	1822215	-112.4
3003601	1822000	-100.319
3003755	1821508	-91.949
3003845	1821287	-85.36
3003602	1821973	-105.589
3003828	1821923	-100.739
3003999	1822109	-108.419
3003549	1822065	-101.65
3004015	1821702	-91.949
3003875	1821899	-96.839
3004001	1821782	-99.139
3003785	1821184	-91.66
3003655	1822016	-100.12
3003815	1821741	-99.669
3004102	1821722	-93.91
3003589	1821163	-103.489
3003425	1821775	-104.73
3003552	1821441	-102.29
3003827	1821941	-103.87
3003808	1821340	-100.12
3004071	1821891	-101.54
3003763	1821502	-92.129
3003907	1821714	-95.139
3003813	1821335	-100.919
3003598	1821170	-103.589
3003828	1821314	-96.05
3004157	1822005	-106.959
3004051	1821640	-89.87
3003601	1821968	-106.93
3003446	1821789	-105.16
3003552	1822062	-101.8
3004081	1821946	-103.959
3004056	1821761	-95.629
3003718	1821263	-88.36
3004162	1821808	-99.739
3003997	1821779	-99.41
3003940	1821368	-92.489
3003787	1821957	-103.269
3003651	1821816	-99.37
3003740	1821290	-100.37
3004174	1821918	-103.949
3003774	1821821	-103.669
3004121	1821877	-101.279
3003586	1822024	-101.69
3003652	1822199	-106.65
3003939	1821785	-96.389
3003416	1821936	-109.4
3003353	1821759	-107.589
3003739	1821473	-81.86
3003673	1821743	-101.36
3003594	1821167	-103.709
3004098	1821960	-104.51
3003554	1821957	-106.25
3004187	1821825	-101.25
3004098	1821727	-94.68
3003596	1822010	-101.29
3004092	1821746	-94.739
3003739	1821295	-99.75
3003574	1821561	-86.239
3003611	1821787	-105.059
3003880	1821791	-98.309
3004107	1821842	-101.709
3003690	1822134	-107.349
3004112	1821569	-90.41
3003621	1821190	-100.529
3004065	1821744	-96.599
3003772	1821499	-92.449
3003933	1821792	-96.459
3003894	1821549	-84.47
3003949	1821481	-82.01
3003935	1821359	-91.599
3003912	1821811	-97.459
3003926	1822062	-100.589
3004054	1821763	-96.01
3004051	1821767	-96.089
3003952	1821773	-97.169
3004008	1821684	-93.239
3003956	1822026	-103.569
3003795	1821170	-108.319
3003785	1822110	-104.089
3004161	1821908	-106.379
3003650	1821726	-101.889
3003556	1822059	-102.029
3003713	1822057	-101.5
3003725	1821909	-103.48
3003979	1821566	-86.239
3003916	1821289	-87.029
3004195	1821934	-106.68
3003712	1821441	-87.849
3003922	1821726	-94.55
3003855	1821890	-105.75
3004110	1821836	-102.25
3003367	1821743	-108.58
3003574	1821954	-106.699
3003834	1821756	-101.11
3004100	1821853	-101.26
3003907	1821992	-102.01
3003816	1821536	-95.5
3003748	1821519	-91.069
3003384	1821951	-106.989
3003800	1821521	-91.98
3003803	1821346	-98.389
3004064	1821750	-96.66
3003582	1821959	-106.54
3003870	1821575	-87.44
3003945	1821641	-92.04
3003508	1822005	-106.739
3004260	1821982	-107.809
3003693	1822136	-107.44
3003840	1822064	-108.66
3004138	1821889	-104.849
3004234	1821964	-107.26
3003907	1821285	-87.089
3004050	1821732	-96.449
3003841	1821558	-92.73
3003602	1821529	-85.91
3004039	1821783	-95.589
3004033	1822063	-107.36
3004029	1821504	-82.69
3003804	1821732	-96.48
3003743	1821923	-103.069
3004062	1821753	-96.889
3003920	1821531	-84.26
3003900	1821545	-84.94
3003567	1821844	-103.059
3004032	1821666	-90.029
3003351	1821765	-106.019
3003544	1821969	-107.419
3003963	1821466	-83.12
3003832	1821313	-92.48
3003772	1821503	-92.69
3003591	1821540	-86.33
3004163	1822010	-107.389
3003734	1822044	-102.769
3003793	1821979	-102.05
3004063	1821742	-97.37
3003705	1821346	-99.87
3003717	1821458	-83.41
3003924	1821803	-96.08
3003949	1821776	-97.36
3003846	1821897	-103.739
3004043	1821778	-96.339
3003934	1822193	-109.739
3003595	1821964	-106.209
3004120	1821826	-101.319
3003860	1821677	-98.11
3003755	1821665	-97.5
3003596	1821970	-106.68
3003890	1822108	-102.86
3003617	1821792	-102.29
3003921	1821287	-87.91
3003795	1821974	-102.309
3003760	1821503	-93.0
3003740	1821533	-92.419
3004058	1821928	-101.389
3003631	1821710	-99.87
3004017	1821596	-87.94
3003831	1821549	-92.809
3003860	1821887	-104.709
3003873	1821581	-89.25
3003655	1821470	-85.489
3004070	1822049	-106.699
3003972	1821974	-102.639
3003843	1821901	-103.86
3003853	1821296	-85.849
3003709	1821444	-87.919
3003742	1822035	-102.559
3003846	1821243	-89.309
3003709	1821447	-86.819
3003588	1821862	-104.33
3004000	1821681	-93.0
3003870	1821573	-85.879
3003662	1821824	-99.919
3003979	1822000	-103.94
3003622	1821503	-86.25
3003932	1822008	-100.339
3004026	1822074	-109.11
3003734	1822236	-111.959
3003984	1821569	-87.029
3004045	1821616	-91.16
3003860	1821572	-87.019
3003377	1821795	-106.0
3003354	1821758	-108.58
3003677	1821835	-104.339
3003357	1821777	-108.0
3003884	1821561	-86.449
3004063	1821899	-102.629
3003742	1822227	-111.37
3003773	1822103	-105.93
3003776	1821502	-92.709
3003891	1821552	-85.169
3004104	1821860	-101.98
3004109	1821969	-105.51
3003642	1821481	-86.069
3003581	1822029	-102.72
3003526	1822196	-105.98
3003379	1821798	-104.66
3003590	1821960	-107.779
3003612	1821182	-102.87
3004145	1821996	-107.04
3003697	1821893	-100.949
3004138	1821992	-107.139
3003492	1821787	-107.669
3003932	1821375	-95.129
3003701	1821885	-100.86
3003776	1821948	-109.61
3003595	1822005	-101.37
3003881	1821564	-86.639
3004052	1821733	-97.41
3003840	1822153	-107.269
3003840	1821661	-98.389
3004060	1821739	-97.779
3003729	1821419	-86.48
3003877	1821899	-99.41
3003725	1821319	-101.43
3003950	1822173	-111.11
3004020	1821680	-93.72
3003657	1822113	-111.879
3003946	1821485	-82.699
3004032	1821608	-89.68
3003675	1821516	-85.059
3003339	1822011	-111.339
3003727	1822050	-103.44
3003903	1821541	-85.93
3004065	1821748	-98.44
3003879	1822181	-97.86
3003642	1821406	-102.669
3004010	1821788	-97.129
3003800	1821347	-99.029
3004051	1821623	-91.72
3003624	1821393	-102.209
3003777	1821638	-97.18
3003488	1821770	-106.75
3003946	1821779	-97.79
3003964	1822017	-102.379
3004014	1822088	-109.059
3004092	1821739	-96.379
3004016	1821682	-94.8
3003882	1821573	-90.419
3004058	1821737	-97.87
3003707	1821447	-87.48
3003945	1821734	-93.669
3003487	1821774	-106.519
3003526	1821812	-109.919
3004030	1822067	-108.43
3003866	1821682	-97.349
3003349	1821998	-106.769
3003817	1821644	-99.66
3004087	1821871	-101.54
3003601	1822003	-102.279
3003970	1821972	-104.22
3003930	1821796	-97.61
3003964	1822018	-102.459
3003869	1821968	-103.059
3003705	1822177	-107.959
3004168	1821913	-105.43
3003726	1821423	-87.23
3003722	1821266	-89.75
3003845	1821876	-104.239
3003992	1822120	-109.309
3004142	1821804	-102.669
3004129	1821813	-100.26
3003629	1821995	-102.04
3004033	1821507	-83.989
3003594	1821535	-87.26
3003758	1821504	-93.87
3003917	1821998	-102.779
3003618	1821978	-102.449
3003897	1821548	-85.959
3003559	1821954	-109.199
3003831	1821754	-100.809
3003738	1821536	-94.569
3003737	1821918	-103.72
3003769	1821710	-101.61
3003363	1821746	-109.47
3003662	1821735	-99.69
3003972	1821767	-97.83
3003750	1821694	-98.669
3004055	1821924	-102.33
3003778	1821824	-102.87
3003803	1821521	-92.699
3003553	1821599	-88.47
3003852	1821892	-106.94
3003662	1822116	-109.69
3004112	1821870	-103.129
3003976	1821768	-98.01
3003795	1821516	-93.019
3003750	1821514	-92.55
3003361	1821748	-109.419
3003901	1821604	-92.199
3003837	1821758	-100.209
3003390	1821805	-105.87
3003826	1821545	-93.58
3003494	1821885	-106.73
3003616	1821186	-102.309
3003968	1822014	-103.449
3003989	1822124	-109.91
3004048	1821645	-92.01
3003745	1821683	-100.389
3004177	1821818	-101.089
3003854	1821671	-95.79
3003852	1821959	-102.65
3003943	1821365	-94.54
3003608	1821978	-105.319
3003428	1821945	-108.269
3003716	1821546	-96.61
3003771	1821819	-100.91
3003554	1821444	-104.65
3003945	1821953	-101.26
3003685	1822130	-111.16
3003951	1821645	-95.309
3003369	1821789	-109.12
3004013	1822005	-109.19
3003782	1821828	-103.949
3003623	1821796	-105.68
3004203	1821837	-102.87
3003879	1821566	-87.669
3003927	1821729	-95.79
3003912	1821718	-96.879
3004046	1821774	-98.0
3003609	1821974	-106.55
3003971	1821702	-93.839
3003890	1821556	-86.43
3004132	1821806	-100.169
3004040	1821513	-88.04
3003761	1821600	-97.68
3004035	1821662	-91.66
3003940	1821493	-83.72
3004130	1821811	-101.309
3003737	1821299	-100.559
3003632	1821493	-87.3
3003717	1822056	-103.059
3004026	1821674	-93.389
3003484	1821878	-109.44
3003932	1821366	-93.87
3003917	1821616	-88.739
3003368	1821742	-110.61
3003613	1821880	-104.319
3003751	1821670	-98.589
3003753	1821697	-99.519
3003820	1821541	-97.08
3003744	1821798	-103.93
3003596	1822003	-102.61
3004020	1821706	-91.489
3003937	1821371	-94.569
3003873	1821686	-94.66
3003512	1821407	-108.129
3003441	1821786	-105.55
3004036	1821787	-96.41
3003898	1821986	-102.239
3003806	1822227	-109.54
3004024	1821711	-91.48
3003743	1821528	-93.169
3003812	1821532	-97.709
3003510	1822005	-108.73
3003351	1821769	-108.29
3003860	1821890	-107.099
3003861	1822156	-107.239
3003542	1821923	-108.519
3003603	1821174	-106.059
3003541	1821471	-103.459
3003853	1821881	-105.65
3004018	1822082	-109.72
3003595	1821866	-107.669
3003886	1821558	-86.04
3003765	1821706	-101.93
3003356	1821989	-108.779
3003567	1821942	-109.43
3004034	1821790	-95.849
3003703	1821446	-89.209
3003934	1821945	-103.669
3003846	1821562	-91.419
3003405	1821930	-110.489
3003659	1821498	-86.879
3003776	1821505	-92.779
3003931	1822197	-110.809
3004106	1821765	-95.11
3003369	1821970	-110.18
3003746	1821679	-101.099
3004059	1822041	-108.559
3003783	1821507	-93.05
3003930	1821732	-96.4
3003994	1822117	-110.639
3003557	1821591	-89.199
3003885	1822187	-104.8
3003918	1821808	-96.9
3003572	1821758	-104.239
3003613	1821511	-88.129
3003572	1821849	-103.889
3003352	1821772	-109.69
3003763	1821492	-93.209
3004132	1821987	-107.839
3003726	1821424	-88.97
3003998	1821679	-94.72
3003655	1821912	-109.309
3004084	1821875	-102.739
3003865	1822173	-106.05
3004103	1821762	-95.489
3003801	1821729	-97.459
3003924	1821284	-90.379
3003835	1821554	-93.989
3003667	1821918	-102.559
3003819	1821326	-103.93
3004062	1821740	-99.519
3003906	1821608	-92.8
3003529	1821726	-104.11
3003901	1821710	-98.059
3003846	1821666	-96.79
3003781	1821630	-98.76
3004037	1821611	-91.55
3003973	1822147	-110.519
3004197	1821832	-104.11
3003660	1821915	-108.989
3003726	1821269	-90.879
3003899	1821542	-88.44
3003999	1821680	-94.94
3003806	1821525	-93.93
3003961	1821551	-85.779
3003667	1821224	-100.91
3003836	1821231	-92.019
3004092	1821743	-97.709
3003587	1821963	-109.389
3003849	1821894	-105.36
3003685	1821751	-101.98
3003607	1821876	-106.66
3003710	1822057	-105.029
3003656	1821730	-103.8
3003552	1821959	-109.099
3004011	1822004	-109.269
3003794	1821725	-101.279
3003780	1822207	-109.819
3004058	1821759	-98.9
3003632	1821895	-109.319
3003431	1822129	-109.75
3003789	1821623	-99.209
3004064	1821743	-99.93
3003911	1821612	-92.269
3003711	1821445	-89.69
3003748	1821675	-100.8
3003840	1821760	-101.05
3003439	1821953	-111.949
3003351	1821767	-107.9
3003896	1821546	-87.879
3004054	1821525	-86.12
3003656	1821216	-102.98
3003355	1821775	-110.51
3003993	1821577	-90.3
3003996	1822113	-111.209
3003362	1821980	-110.639
3004131	1821809	-101.72
3003375	1821962	-111.339
3003629	1821397	-103.86
3003696	1822138	-109.04
3003756	1821509	-95.419
3003974	1821663	-95.569
3004058	1821528	-86.089
3003696	1821593	-99.389
3004047	1822043	-110.029
3004045	1822045	-109.989
3003535	1821729	-103.79
3004154	1821903	-108.19
3003351	1821764	-109.129
3003652	1821490	-88.029
3004125	1821818	-100.669
3003953	1821960	-103.239
3003800	1821631	-98.779
3003670	1821511	-87.449
3004124	1821821	-100.4
3003527	1821726	-104.449
3004077	1821882	-102.91
3004048	1821730	-97.76
3003742	1821529	-94.339
3003345	1822003	-110.26
3003763	1821655	-98.519
3003974	1821698	-95.0
3003617	1821506	-88.949
3003782	1821368	-98.519
3003978	1821666	-95.309
3003781	1821626	-99.639
3003351	1821770	-110.089
3004055	1821736	-99.8
3003342	1822007	-111.97
3003774	1821712	-102.169
3003982	1821669	-94.69
3003949	1821731	-94.04
3003365	1821785	-109.01
3003856	1821289	-89.04
3003621	1821502	-88.959
3004116	1821873	-105.04
3004049	1822038	-110.459
3003981	1821693	-94.809
3003759	1821660	-100.29
3003538	1821475	-105.83
3004004	1822100	-112.05
3003827	1821927	-104.25
3004053	1821766	-99.519
3004126	1821816	-101.449
3003887	1822115	-105.129
3003975	1822144	-112.43
3003791	1821834	-102.86
3003975	1822005	-105.37
3003549	1821962	-109.819
3004105	1821717	-96.47
3003359	1821984	-110.8
3003837	1821910	-104.709
3003890	1821701	-99.459
3003700	1821444	-91.309
3003986	1821672	-95.379
3003433	1821950	-113.43
3003561	1821581	-90.3
3003826	1821511	-94.73
3003761	1821810	-101.72
3004044	1821728	-96.839
3003592	1821967	-109.099
3003980	1822138	-111.3
3003446	1821849	-111.44
3003574	1821948	-109.25
3003749	1821928	-109.94
3003779	1821715	-99.05
3003840	1821905	-105.879
3003734	1821470	-85.97
3003625	1821499	-89.199
3004011	1821791	-97.849
3003479	1821592	-92.33
3003367	1821787	-109.83
3003917	1821723	-97.25
3003683	1821839	-103.3
3003751	1821802	-102.129
3003793	1821359	-100.069
3003883	1822185	-106.19
3003713	1821899	-107.069
3003722	1821429	-88.959
3003872	1821572	-89.339
3003927	1821800	-100.019
3003771	1821646	-100.029
3003795	1822218	-115.08
3003780	1821504	-94.0
3004029	1821670	-93.849
3003599	1821530	-89.599
3003411	1821933	-111.98
3003811	1821640	-100.959
3003392	1821524	-109.69
3003722	1821781	-101.099
3003379	1821958	-111.279
3003444	1821566	-106.419
3004051	1821522	-88.48
3003651	1821473	-89.0
3003626	1821890	-106.55
3003487	1821781	-111.83
3004045	1821649	-94.239
3003950	1821958	-103.449
3003798	1821727	-102.059
3004065	1821745	-100.79
3003832	1821308	-95.16
3003386	1821802	-106.769
3003517	1822002	-110.61
3003398	1821811	-110.819
3003598	1821966	-110.559
3003723	1821324	-107.01
3003810	1821523	-95.0
3003746	1822119	-113.08
3003374	1821793	-110.419
3004200	1821736	-91.94
3003641	1821204	-106.589
3003986	1822128	-113.36
3003779	1821634	-100.25
3004041	1822027	-110.419
3003720	1821905	-105.919
3003890	1821982	-107.04
3003521	1821415	-109.269
3003687	1821447	-91.949
3004076	1821425	-72.879
3004008	1821344	-87.839
3003510	1821800	-110.739
3003943	1821735	-97.599
3003719	1821459	-87.19
3003613	1821976	-106.129
3004035	1822059	-110.97
3003886	1821979	-105.629
3003560	1821952	-111.16
3003712	1821444	-91.389
3004075	1821886	-104.059
3003729	1821418	-89.69
3003661	1821220	-104.089
3003879	1821691	-98.79
3003525	1821910	-107.889
3003989	1821573	-88.739
3003382	1821955	-111.66
3003787	1821510	-96.19
3003767	1821650	-99.65
3003393	1821807	-109.769
3003972	1822008	-106.889
3003710	1821446	-90.87
3003772	1821609	-97.639
3003807	1822040	-107.8
3003407	1821818	-108.98
3003655	1821492	-89.269
3003659	1821421	-104.349
3003934	1821362	-96.4
3004053	1822037	-111.599
3003956	1822166	-113.309
3003593	1821962	-110.569
3003602	1821525	-90.349
3003983	1822132	-112.819
3003548	1821436	-106.73
3003387	1821947	-109.779
3003972	1822009	-107.08
3003597	1822001	-105.47
3003923	1822218	-114.54
3003713	1821337	-107.339
3003577	1822043	-95.87
3003562	1821748	-106.379
3003650	1821488	-89.739
3003819	1821518	-94.43
3003828	1821751	-102.11
3003752	1821485	-86.319
3003539	1821732	-104.779
3003892	1821598	-91.43
3004011	1821789	-99.47
3003563	1821952	-111.279
3003396	1821810	-111.25
3003981	1822135	-112.76
3004044	1821516	-87.0
3003576	1821760	-107.0
3003814	1821521	-95.379
3003402	1821930	-113.819
3003663	1821462	-89.68
3003780	1821619	-99.22
3003829	1822055	-113.069
3003520	1821728	-105.919
3003353	1821993	-111.019
3003907	1821408	-94.739
3003864	1821576	-82.309
3003734	1821303	-103.76
3003353	1821773	-112.709
3003449	1821569	-107.739
3003434	1821840	-113.639
3003533	1821981	-111.879
3003788	1821178	-97.54
3003812	1822042	-106.029
3003977	1822142	-112.589
3003795	1821627	-100.489
3003714	1821544	-98.589
3003384	1821800	-107.61
3003978	1822001	-107.879
3003673	1822030	-107.839
3003531	1821914	-111.73
3004038	1822025	-109.849
3003647	1821411	-104.69
3003716	1821902	-107.699
3004040	1822052	-111.8
3004047	1821519	-86.889
3003772	1821607	-99.629
3003787	1821720	-103.93
3003361	1821781	-110.669
3003541	1821824	-110.54
3003809	1821529	-99.94
3003668	1821459	-89.86
3003496	1821790	-110.809
3003604	1821376	-107.22
3004021	1822079	-113.099
3003978	1821696	-96.419
3003777	1821374	-99.379
3003765	1821391	-96.58
3003536	1821820	-110.849
3003720	1821328	-108.239
3003646	1821476	-90.47
3003710	1821256	-94.36
3003779	1821615	-98.26
3003555	1821596	-92.209
3003666	1821828	-103.25
3003359	1821779	-112.699
3003522	1821727	-106.29
3003605	1821972	-111.529
3003783	1821619	-99.339
3003520	1821808	-114.12
3003747	1821480	-87.129
3003606	1821783	-106.0
3003810	1822040	-107.41
3003768	1821816	-100.809
3003781	1821622	-100.18
3003404	1821816	-111.279
3003436	1821783	-107.4
3003557	1821955	-112.25
3003567	1821952	-112.8
3003956	1821720	-94.73
3003387	1821803	-108.709
3003708	1821344	-106.73
3003805	1821523	-96.3
3003711	1821542	-97.959
3003733	1821414	-90.029
3003871	1822173	-109.319
3003509	1821898	-111.51
3003717	1821333	-108.19
3003982	1821995	-110.169
3003868	1822171	-108.519
3003544	1821329	-111.4
3003728	1821466	-88.269
3003710	1821452	-89.76
3003821	1821746	-99.55
3003479	1821874	-111.459
3003830	1821506	-97.599
3003715	1821776	-103.3
3003707	1821451	-90.779
3003774	1821642	-102.05
3003672	1821514	-89.989
3003555	1821956	-112.3
3003798	1821352	-101.519
3003795	1821352	-101.79
3003785	1821370	-100.9
3003824	1821749	-100.209
3003430	1821780	-107.16
3003714	1821439	-89.3
3004049	1822040	-112.93
3003515	1821804	-113.129
3004025	1821794	-90.01
3003563	1821939	-112.029
3003400	1821813	-111.449
3003834	1821914	-107.349
3003742	1821476	-87.879
3003775	1821382	-99.62
3003681	1822128	-111.919
3003531	1821816	-109.91
3003550	1821439	-107.91
3003711	1821341	-108.349
3003834	1821500	-98.75
3003568	1821755	-106.16
3003744	1821476	-87.94
3003843	1821489	-95.989
3004027	1821794	-90.23
3003384	1821745	-114.76
3003500	1821793	-113.639
3003635	1821402	-107.769
3003450	1821852	-113.629
3003844	1821470	-97.139
3003549	1821460	-110.059
3003441	1821846	-114.9
3003770	1821388	-99.209
3003781	1821375	-100.319
3003706	1821449	-92.11
3003541	1821430	-108.569
3004033	1822021	-110.26
3003683	1821435	-96.4
3003517	1821411	-112.269
3003557	1821580	-93.169
3004046	1821729	-99.23
3003943	1821489	-80.05
3003492	1821391	-112.11
3003759	1821505	-98.83
3003402	1821814	-112.279
3003545	1821433	-108.62
3003711	1821442	-94.019
3003390	1821943	-112.199
3003398	1821932	-115.209
3003718	1821433	-89.889
3003838	1821495	-99.8
3003768	1821389	-99.239
3003962	1821709	-96.29
3003680	1821232	-97.05
3003670	1821428	-101.779
3003679	1821448	-94.529
3003745	1821523	-97.75
3003469	1821866	-114.569
3003974	1821216	-103.419
3003926	1821531	-80.779
3003917	1822075	-99.08
3004007	1822001	-113.019
3003520	1821906	-112.01
3003638	1821899	-111.08
3003704	1821446	-93.54
3003408	1821931	-112.3
3003474	1821870	-112.809
3003732	1821414	-91.19
3003980	1821998	-110.29
3003737	1821410	-90.889
3003900	1821413	-95.849
3003619	1821389	-107.839
3003958	1821714	-96.339
3003760	1821493	-97.91
3003661	1821464	-91.629
3003756	1821700	-104.05
3003822	1821515	-97.62
3003805	1821636	-101.73
3003756	1821487	-88.25
3003912	1822080	-100.48
3004037	1822056	-113.319
3003736	1821409	-90.23
3003955	1821962	-109.069
3003708	1821453	-90.379
3003791	1821357	-104.12
3003905	1821407	-97.04
3003790	1821513	-98.739
3003851	1821285	-92.98
3003679	1821433	-95.87
3003389	1821805	-110.93
3003780	1821952	-112.919
3003930	1821371	-99.01
3003976	1822004	-108.919
3003394	1821808	-111.309
3003410	1821821	-111.629
3004049	1822036	-114.269
3003707	1821448	-93.22
3003683	1821446	-95.419
3003362	1821782	-112.699
3003907	1822084	-102.169
3003923	1821382	-97.97
3003975	1821977	-108.94
3003721	1821431	-94.889
3003626	1821193	-107.94
3003713	1821442	-90.8
3003758	1821490	-88.72
3003879	1822183	-104.309
3003363	1821501	-115.26
3003706	1821895	-105.05
3004019	1821794	-91.58
3004024	1822076	-116.059
3003778	1821614	-99.599
3003626	1821048	-105.87
3003772	1821386	-100.989
3003351	1821768	-113.51
3003697	1821446	-95.3
3003427	1821833	-114.779
3003635	1821200	-109.779
3003827	1821653	-98.11
3003687	1821437	-97.91
3003709	1821897	-108.15
3003504	1821894	-112.5
3003698	1821532	-91.3
3003773	1821384	-101.41
3003872	1822177	-103.41
3003716	1821437	-91.41
3003774	1821379	-101.809
3003358	1821497	-115.669
3003413	1821823	-113.779
3003706	1821446	-94.8
3003928	1821380	-98.809
3003685	1821237	-98.349
3003422	1821940	-115.239
3003915	1821395	-96.9
3004043	1822048	-114.959
3003672	1821454	-94.68
3003967	1821706	-99.129
3003701	1821446	-95.4
3003714	1821456	-91.419
3003909	1821401	-97.8
3003734	1821469	-90.599
3003895	1821420	-99.19
3003789	1821365	-104.129
3003665	1821424	-106.519
3004108	1821713	-100.61
3003777	1821379	-102.22
3003588	1821363	-110.699
3003902	1822090	-103.54
3003723	1821427	-93.669
3003779	1821372	-102.989
3003696	1821446	-96.129
3003840	1821468	-99.269
3003920	1821388	-98.339
3004022	1821794	-92.669
3003699	1821446	-95.989
3003715	1821438	-92.029
3003569	1821348	-111.279
3003916	1821397	-97.919
3003675	1821431	-95.4
3003672	1820986	-117.61
3003706	1821450	-94.309
3003698	1821443	-97.0
3003691	1821446	-96.709
3003941	1821637	-86.459
3003552	1821739	-108.76
3003419	1821828	-114.709
3004063	1821531	-84.319
3003717	1821435	-92.339
3003664	1821918	-109.22
3003698	1821346	-108.08
3003571	1821953	-114.879
3003714	1821260	-97.949
3003529	1821421	-111.269
3003714	1821440	-92.5
3004071	1821538	-84.8
3003791	1821723	-107.75
3003667	1821509	-93.55
3003885	1821433	-100.059
3003536	1821918	-115.29
3003714	1821455	-92.449
3003695	1821442	-97.699
3003472	1821980	-115.55
3003880	1821442	-100.65
3003738	1821472	-91.599
3003514	1821902	-112.779
3003693	1821440	-99.23
3003694	1821445	-97.379
3003865	1821462	-101.61
3003546	1821827	-114.33
3003927	1821377	-100.819
3003658	1821467	-94.459
