3006466	1829342	-70.489
3006436	1829338	-66.75
3006625	1829482	-65.889
3006654	1829410	-74.349
3005988	1829027	-95.339
3006465	1829342	-70.599
3006463	1829341	-70.58
3006488	1829485	-71.699
3006592	1829434	-65.529
3006464	1829341	-70.61
3006591	1829430	-65.62
3006469	1829343	-70.839
3005791	1829011	-106.76
3006624	1829515	-74.87
3006565	1829461	-67.019
3006625	1829484	-66.48
3006459	1829341	-71.22
3005793	1829011	-106.68
3006442	1829339	-70.889
3006451	1829339	-71.4
3006564	1829493	-67.0
3006653	1829410	-75.029
3006624	1829508	-67.519
3006446	1829339	-72.0
3006435	1829337	-67.76
3006415	1829336	-73.339
3006568	1829493	-68.309
3006564	1829465	-67.459
3006386	1829335	-76.16
3006546	1829352	-70.05
3006566	1829493	-68.0
3006272	1829036	-88.86
3006566	1829457	-68.05
3006591	1829429	-66.589
3006600	1829497	-68.37
3006625	1829498	-67.489
3006625	1829474	-66.87
3006533	1829190	-71.919
3006457	1829341	-72.19
3006449	1829339	-72.309
3006625	1829477	-67.04
3006408	1829341	-74.779
3006625	1829528	-75.169
3006592	1829435	-67.099
3006625	1829525	-75.029
3006625	1829479	-67.339
3006625	1829449	-65.839
3005822	1829013	-106.05
3006494	1829347	-71.69
3006398	1829335	-75.379
3006547	1829191	-75.9
3006452	1829340	-73.089
3006604	1829498	-68.68
3006561	1829469	-67.47
3006555	1829352	-69.559
3006596	1829439	-67.349
3006625	1829470	-67.16
3006625	1829471	-67.209
3006479	1829345	-72.449
3006580	1829494	-70.51
3006625	1829522	-74.889
3006468	1829343	-72.48
3006431	1829372	-69.66
3006625	1829481	-67.809
3006864	1829196	-84.69
3006431	1829371	-69.819
3006400	1829335	-75.25
3006440	1829356	-74.15
3006595	1829495	-69.199
3006594	1829437	-67.589
3006492	1829347	-72.19
3006603	1829497	-69.01
3006565	1829458	-68.809
3006616	1829358	-73.04
3006625	1829473	-67.61
3006601	1829497	-69.129
3006606	1829498	-69.0
3006590	1829413	-66.519
3006493	1829485	-70.76
3006432	1829366	-70.47
3006372	1829343	-75.879
3006606	1829437	-67.0
3006626	1829417	-65.18
3006616	1829357	-73.279
3006538	1829352	-72.019
3006438	1829338	-69.139
3006553	1829474	-66.669
3006432	1829368	-70.519
3006558	1829472	-67.54
3006563	1829466	-68.639
3006296	1829038	-83.319
3006575	1829494	-70.55
3006426	1829387	-67.879
3006440	1829338	-69.199
3005983	1829026	-98.25
3006440	1829355	-74.4
3006624	1829511	-69.349
3006625	1829468	-67.86
3006541	1829352	-72.18
3006626	1829418	-65.5
3006607	1829498	-69.43
3006597	1829439	-68.12
3006591	1829400	-66.069
3006625	1829476	-68.3
3006371	1829343	-76.36
3006477	1829344	-72.91
3006430	1829372	-70.51
3006624	1829505	-69.25
3006347	1829347	-73.62
3006502	1829348	-74.4
3006483	1829346	-73.0
3006595	1829438	-68.419
3006629	1829359	-70.33
3006599	1829438	-68.169
3006397	1829335	-76.66
3006625	1829434	-66.589
3006582	1829494	-71.419
3006628	1829359	-71.529
3006599	1829439	-68.389
3006534	1829352	-74.389
3006626	1829359	-73.44
3006389	1829335	-77.93
3006604	1829437	-67.97
3006532	1829352	-71.949
3006552	1829352	-71.319
3006430	1829373	-70.779
3005800	1829012	-109.319
3006454	1829340	-74.4
3006426	1829388	-68.459
3006557	1829492	-68.059
3006429	1829377	-70.19
3006563	1829493	-69.419
3006564	1829464	-69.639
3006625	1829527	-76.86
3006614	1829357	-74.41
3006370	1829343	-77.089
3006429	1829377	-70.279
3006524	1829189	-74.559
3006588	1829495	-70.879
3006530	1829352	-72.699
3006648	1829410	-71.559
3006482	1829346	-73.709
3006484	1829346	-73.629
3006618	1829358	-76.5
3006624	1829516	-76.389
3006547	1829352	-72.33
3006368	1829343	-77.339
3006610	1829498	-70.349
3006623	1829358	-76.709
3006419	1829336	-75.839
3006552	1829191	-81.169
3006570	1829493	-71.209
3006625	1829453	-68.239
3006544	1829352	-72.989
3006436	1829361	-72.33
3006576	1829393	-73.059
3006431	1829370	-71.769
3006545	1829191	-75.48
3006439	1829359	-75.269
3006561	1829353	-71.51
3006418	1829437	-70.69
3006555	1829491	-68.54
3006622	1829358	-77.489
3006472	1829466	-75.48
3006625	1829426	-67.22
3006418	1829336	-76.18
3005960	1829024	-100.12
3006410	1829335	-76.48
3006570	1829353	-71.419
3006430	1829374	-71.55
3006427	1829384	-69.9
3006559	1829492	-69.41
3006425	1829453	-75.809
3006377	1829343	-77.36
3006554	1829191	-82.379
3005826	1829013	-107.29
3006374	1829343	-77.65
3006576	1829354	-71.61
3006575	1829397	-73.72
3006561	1829492	-70.0
3006434	1829363	-72.65
3006429	1829376	-71.41
3006369	1829343	-78.18
3005965	1829024	-100.739
3006432	1829369	-72.3
3006426	1829386	-69.9
3006523	1829189	-75.699
3006377	1829344	-77.94
3006720	1829409	-80.699
3006517	1829487	-71.61
3006413	1829335	-76.809
3006375	1829343	-77.889
3006612	1829357	-75.73
3006481	1829485	-65.44
3005967	1829024	-101.069
3005808	1829012	-110.069
3006563	1829465	-70.8
3006625	1829431	-68.05
3006462	1829483	-65.129
3006441	1829338	-71.36
3006625	1829526	-78.239
3006482	1829485	-66.779
3006566	1829450	-71.589
3006625	1829423	-67.83
3006394	1829335	-78.699
3006429	1829375	-72.069
3006432	1829365	-73.069
3006566	1829353	-72.269
3006415	1829335	-76.989
3006557	1829472	-69.69
3006596	1829438	-70.309
3006675	1829408	-77.36
3006624	1829510	-71.589
3006556	1829352	-72.449
3006607	1829437	-69.54
3006625	1829359	-76.059
3006556	1829473	-69.55
3006608	1829498	-71.72
3006577	1829354	-72.319
3006391	1829335	-79.319
3006553	1829352	-73.04
3006402	1829335	-78.139
3006560	1829353	-72.66
3006555	1829473	-69.589
3006314	1829039	-75.22
3005918	1829020	-105.379
3006486	1829346	-75.11
3005806	1829012	-110.8
3006625	1829497	-71.25
3006864	1829345	-89.04
3006396	1829335	-78.98
3006404	1829335	-78.18
3006343	1829352	-76.699
3006549	1829352	-73.73
3006549	1829191	-81.15
3006565	1829353	-72.779
3006478	1829345	-75.989
3006558	1829352	-72.839
3006367	1829343	-78.599
3005924	1829021	-101.709
3006601	1829438	-70.48
3006433	1829364	-73.73
3005916	1829020	-105.93
3006575	1829396	-74.87
3006526	1829189	-76.639
3006650	1829339	-76.16
3006625	1829465	-70.54
3006625	1829427	-68.699
3006624	1829507	-72.05
3006624	1829500	-71.8
3006429	1829374	-73.0
3006376	1829337	-81.569
3006424	1829398	-69.849
3006424	1829400	-69.839
3006633	1829409	-68.069
3006575	1829395	-75.059
3006503	1829473	-71.019
3006425	1829392	-70.489
3006651	1829335	-78.139
3006592	1829402	-69.15
3006656	1829410	-80.16
3006625	1829448	-69.889
3006659	1829409	-78.669
3006405	1829335	-78.389
3006590	1829495	-73.139
3006437	1829361	-74.19
3005786	1829011	-112.529
3006509	1829187	-77.209
3006593	1829435	-71.26
3006591	1829427	-70.9
3006475	1829466	-76.94
3006625	1829517	-78.54
3006435	1829362	-74.22
3006574	1829405	-75.739
3006573	1829412	-76.11
3006592	1829433	-71.26
3006428	1829381	-72.169
3006477	1829467	-76.959
3006592	1829408	-69.73
3006502	1829472	-71.16
3006419	1829436	-72.809
3006071	1829156	-95.919
3006548	1829475	-69.599
3006527	1829189	-77.19
3006550	1829352	-74.37
3006426	1829390	-71.04
3006564	1829463	-72.44
3006418	1829443	-71.73
3006500	1829348	-75.529
3006625	1829433	-69.54
3006496	1829347	-76.0
3006627	1829412	-68.699
3006504	1829473	-71.72
3006498	1829347	-75.54
3006428	1829379	-72.769
3006484	1829485	-70.699
3006602	1829438	-71.23
3006613	1829495	-72.62
3006515	1829350	-76.18
3005999	1829165	-97.269
3006613	1829496	-72.68
3006575	1829399	-75.739
3006600	1829438	-71.43
3006563	1829353	-73.769
3006574	1829353	-73.519
3006559	1829470	-71.559
3006450	1829339	-77.199
3006425	1829394	-70.889
3006625	1829467	-71.489
3006562	1829467	-72.239
3006438	1829360	-74.819
3006571	1829353	-73.639
3006864	1829192	-91.339
3006598	1829497	-73.48
3006566	1829455	-73.169
3006549	1829475	-70.11
3006554	1829491	-70.79
3006418	1829438	-72.79
3006375	1829341	-79.199
3006439	1829354	-74.86
3006625	1829520	-79.309
3006625	1829440	-70.22
3006573	1829353	-73.75
3006308	1829038	-76.79
3006605	1829498	-73.339
3006625	1829428	-69.76
3005896	1829018	-104.68
3006556	1829492	-71.18
3006625	1829446	-70.589
3006422	1829336	-78.48
3006423	1829404	-70.75
3006439	1829357	-75.23
3006455	1829482	-69.87
3006509	1829487	-72.04
3006514	1829487	-73.25
3006437	1829360	-75.069
3006424	1829396	-70.97
3006567	1829441	-78.75
3006377	1829336	-82.339
3006590	1829397	-69.879
3006574	1829404	-76.54
3006590	1829411	-70.8
3006554	1829474	-71.04
3006480	1829467	-74.449
3006514	1829350	-76.69
3006419	1829434	-74.16
3006516	1829487	-73.849
3006487	1829346	-76.65
3005961	1829024	-102.839
3006590	1829416	-71.25
3006566	1829452	-73.599
3006596	1829496	-73.93
3005923	1829021	-103.23
3006513	1829350	-76.819
3006529	1829352	-76.279
3006602	1829437	-71.79
3006566	1829454	-73.66
3006439	1829358	-75.5
3006464	1829483	-65.459
3006423	1829406	-71.11
3006560	1829470	-72.37
3006490	1829346	-77.05
3006660	1829409	-79.93
3006363	1829344	-80.919
3006552	1829475	-71.04
3006511	1829350	-77.0
3006591	1829423	-71.779
3006590	1829415	-71.37
3006473	1829466	-78.319
3006597	1829356	-68.419
3006823	1829420	-86.5
3006528	1829352	-76.62
3006544	1829191	-76.72
3006574	1829406	-77.029
3006625	1829443	-71.019
3006574	1829400	-76.779
3006579	1829354	-74.41
3006573	1829410	-77.37
3006433	1829178	-80.309
3006625	1829420	-70.12
3006488	1829345	-76.919
3005949	1829022	-102.87
3006519	1829487	-74.69
3006592	1829495	-74.5
3006583	1829355	-74.8
3006580	1829354	-74.489
3006485	1829346	-77.25
3006864	1829348	-91.12
3006527	1829351	-76.989
3006677	1829408	-79.809
3006417	1829336	-79.449
3006423	1829408	-71.62
3006866	1829590	-89.04
3006625	1829533	-81.15
3006514	1829188	-78.699
3006719	1829409	-83.449
3006608	1829437	-71.87
3006542	1829475	-70.47
3006486	1829485	-76.199
3006365	1829344	-80.089
3006567	1829450	-74.3
3006006	1829150	-99.18
3006591	1829426	-72.419
3006419	1829430	-75.69
3006521	1829351	-77.279
3006513	1829188	-78.86
3006624	1829503	-73.839
3006574	1829401	-77.16
3006501	1829472	-72.44
3006651	1829337	-78.9
3006424	1829402	-71.699
3006408	1829335	-80.029
3006612	1829497	-74.059
3006439	1829355	-76.129
3006603	1829437	-72.449
3006625	1829436	-71.16
3005756	1829009	-106.319
3006294	1829038	-90.559
3006674	1829408	-80.04
3006650	1829341	-76.709
3006641	1829409	-69.93
3006625	1829518	-80.41
3006407	1829335	-80.19
3006567	1829442	-79.86
3006428	1829455	-75.809
3006567	1829353	-75.08
3006587	1829355	-74.94
3006626	1829416	-70.47
3006635	1829409	-70.089
3006584	1829355	-75.29
3005813	1829012	-112.98
3006630	1829359	-69.11
3005911	1829020	-104.93
3006520	1829351	-77.69
3006591	1829401	-71.3
3006509	1829473	-74.48
3006481	1829346	-78.11
3006581	1829355	-75.48
3006282	1829037	-95.15
3006508	1829486	-73.22
3006420	1829447	-74.58
3006590	1829420	-72.639
3006393	1829335	-81.949
3006550	1829475	-71.87
3006531	1829190	-79.12
3006502	1829486	-72.19
3006575	1829398	-77.55
3006573	1829408	-78.26
3006590	1829417	-72.66
3006591	1829425	-73.08
3006573	1829414	-78.48
3006657	1829409	-81.04
3006488	1829469	-72.319
3006611	1829438	-72.62
3006644	1829351	-69.559
3006662	1829408	-80.22
3006505	1829473	-74.069
3006724	1829409	-84.709
3006861	1829238	-94.22
3006586	1829355	-75.72
3006577	1829494	-76.559
3006516	1829350	-78.239
3006494	1829485	-75.48
3006639	1829409	-70.69
3006609	1829498	-75.059
3006625	1829536	-82.4
3005899	1829018	-106.349
3006625	1829531	-82.16
3006681	1829408	-81.139
3006645	1829350	-69.769
3005947	1829022	-104.029
3006636	1829409	-70.79
3006411	1829335	-80.8
3006605	1829437	-73.209
3006626	1829554	-82.93
3006624	1829359	-80.3
3006573	1829493	-76.29
3006537	1829473	-71.5
3006592	1829405	-72.19
3006555	1829191	-87.059
3006228	1829034	-97.699
3006625	1829452	-72.97
3006401	1829169	-82.01
3006595	1829356	-70.05
3006154	1829307	-93.01
3006470	1829465	-80.139
3006568	1829438	-80.47
3006510	1829473	-75.459
3006574	1829403	-78.129
3006543	1829475	-71.8
3006663	1829408	-80.69
3006716	1829408	-83.019
3006536	1829473	-71.629
3006510	1829188	-80.129
3006572	1829416	-79.26
3006652	1829334	-81.22
3006577	1829393	-77.669
3006289	1829037	-94.569
3006508	1829349	-78.8
3006540	1829474	-71.819
3006432	1829364	-77.089
3006592	1829403	-72.309
3006626	1829556	-83.37
3006571	1829417	-79.58
3006649	1829343	-76.879
3006552	1829490	-72.87
3006421	1829415	-74.25
3006422	1829410	-73.519
3006546	1829475	-72.239
3006319	1829042	-78.819
3006611	1829497	-75.47
3006625	1829438	-72.589
3006506	1829348	-78.919
3006534	1829473	-71.889
3005979	1829026	-105.29
3006625	1829437	-72.68
3006583	1829494	-77.23
3006479	1829484	-68.68
3006625	1829435	-72.639
3006568	1829353	-76.489
3006419	1829433	-76.79
3006715	1829408	-83.449
3006625	1829430	-72.489
3006510	1829487	-74.94
3006549	1829490	-72.819
3006610	1829570	-79.37
3006223	1829034	-98.69
3006968	1829610	-95.86
3006864	1829340	-93.05
3006668	1829408	-81.459
3006418	1829439	-75.319
3006436	1829484	-66.51
3005973	1829025	-105.199
3006550	1829490	-73.029
3006229	1829034	-98.489
3006821	1829408	-91.0
3006627	1829414	-71.989
3006864	1829350	-92.529
3005815	1829012	-114.41
3006518	1829473	-74.849
3006591	1829424	-74.25
3006521	1829473	-74.15
3006612	1829439	-73.8
3006610	1829437	-73.809
3006569	1829436	-81.029
3006626	1829547	-83.91
3006864	1829344	-93.309
3006422	1829449	-78.51
3006822	1829414	-89.91
3006468	1829464	-81.05
3006500	1829472	-74.18
3006547	1829475	-72.949
3006635	1829360	-70.87
3006627	1829585	-79.94
3006482	1829468	-76.19
3006526	1829351	-79.309
3006600	1829356	-70.959
3006535	1829473	-72.51
3006521	1829189	-80.83
3006012	1829146	-101.559
3006590	1829419	-74.339
3006512	1829487	-75.94
3006418	1829440	-75.529
3006490	1829470	-73.47
3006513	1829473	-76.059
3006591	1829409	-73.66
3006525	1829351	-79.489
3006531	1829473	-72.919
3005986	1829210	-101.76
3006361	1829344	-80.73
3006652	1829330	-82.519
3006571	1829418	-80.55
3006070	1829156	-99.839
3006625	1829422	-72.809
3006822	1829409	-91.389
3006466	1829464	-78.809
3006863	1829353	-91.91
3006585	1829495	-77.75
3006155	1829301	-94.9
3006518	1829350	-79.73
3006863	1829354	-91.41
3006543	1829352	-79.15
3006727	1829409	-86.559
3006626	1829551	-84.559
3006671	1829408	-82.23
3006578	1829354	-77.209
3006625	1829462	-74.839
3006609	1829437	-74.41
3006222	1829034	-99.449
3006573	1829415	-80.29
3006589	1829396	-73.19
3006864	1829335	-94.05
3006320	1829042	-79.849
3006626	1829549	-84.55
3005935	1829021	-105.349
3006523	1829488	-76.769
3006501	1829486	-74.05
3006566	1829451	-76.819
3006822	1829411	-91.569
3006422	1829450	-80.519
3006626	1829549	-84.629
3005996	1829176	-100.709
3006864	1829343	-93.919
3005828	1829013	-112.33
3006522	1829487	-77.01
3006512	1829350	-80.15
3006433	1829485	-67.419
3006454	1829482	-72.419
3006823	1829418	-89.629
3006547	1829490	-73.76
3006507	1829187	-81.629
3006029	1829022	-100.0
3006624	1829504	-76.61
3006485	1829485	-76.94
3006645	1829410	-72.519
3006598	1829356	-71.66
3006557	1829191	-90.069
3006006	1829151	-102.12
3006823	1829423	-89.05
3006680	1829408	-82.98
3006627	1829413	-72.959
3006511	1829473	-76.989
3006505	1829348	-80.279
3006864	1829349	-93.879
3006590	1829418	-74.93
3006686	1829408	-83.29
3006411	1829174	-83.559
3006500	1829486	-74.349
3006198	1829047	-99.55
3006728	1829409	-87.08
3006538	1829473	-73.349
3006653	1829328	-82.62
3006624	1829502	-76.709
3006136	1829037	-103.379
3006420	1829429	-78.809
3006546	1829490	-73.98
3006195	1829057	-99.76
3006625	1829541	-84.699
3006574	1829407	-80.389
3006625	1829441	-74.239
3006643	1829409	-72.73
3006578	1829393	-79.22
3006516	1829473	-76.37
3006533	1829473	-73.48
3006625	1829425	-73.62
3005834	1829013	-111.4
3006501	1829187	-82.3
3006200	1829043	-100.15
3006541	1829191	-72.769
3006014	1829146	-102.19
3006625	1829445	-74.589
3006575	1829393	-79.91
3006503	1829187	-82.37
3006665	1829408	-82.72
3006197	1829052	-99.76
3006452	1829482	-70.819
3006329	1829052	-80.069
3006556	1829472	-75.279
3006001	1829160	-101.75
3006638	1829409	-73.0
3006478	1829467	-80.669
3006523	1829351	-80.51
3006625	1829464	-75.75
3006266	1829036	-98.58
3006196	1829055	-99.9
3006592	1829407	-74.519
3006514	1829473	-76.97
3006667	1829408	-82.949
3006015	1829146	-102.129
3006652	1829333	-83.73
3006409	1829173	-84.11
3006134	1829037	-103.949
3006467	1829483	-67.699
3006592	1829404	-74.48
3006730	1829409	-87.8
3006571	1829426	-82.0
3006571	1829428	-82.059
3006571	1829419	-81.75
3006451	1829482	-70.389
3006257	1829036	-99.209
3006248	1829036	-99.599
3006499	1829187	-82.779
3006449	1829482	-69.05
3006196	1829053	-100.11
3006520	1829189	-82.269
3006569	1829434	-82.519
3006524	1829351	-80.87
3006509	1829486	-76.639
3006675	1829363	-72.87
3006498	1829187	-82.93
3006864	1829351	-93.769
3006470	1829484	-67.669
3006864	1829187	-93.72
3006008	1829029	-105.449
3006075	1829156	-99.279
3006491	1829470	-74.87
3006496	1829471	-75.12
3005956	1829023	-107.15
3006864	1829339	-95.019
3006734	1829408	-86.48
3006512	1829473	-77.739
3006197	1829049	-100.25
3006827	1829467	-89.029
3006591	1829399	-74.559
3006517	1829473	-76.989
3006497	1829471	-75.33
3006567	1829444	-81.419
3006733	1829409	-88.4
3006539	1829474	-74.349
3006864	1829347	-95.209
3006678	1829408	-83.94
3006128	1829037	-104.739
3006636	1829359	-72.73
3006573	1829413	-81.699
3006625	1829540	-85.68
3006197	1829048	-100.43
3006506	1829473	-77.54
3006544	1829475	-74.69
3006567	1829448	-78.459
3006447	1829481	-68.949
3006630	1829410	-74.05
3006475	1829187	-83.72
3006567	1829440	-83.669
3006604	1829357	-72.94
3006195	1829055	-100.739
3006508	1829473	-78.0
3006483	1829468	-77.169
3006515	1829473	-77.68
3006235	1829035	-100.66
3006329	1829051	-81.129
3006593	1829355	-73.18
3006489	1829469	-75.519
3006863	1829216	-95.76
3006731	1829409	-88.68
3006498	1829471	-76.069
3006591	1829355	-73.269
3006632	1829409	-74.199
3006689	1829408	-84.86
3006534	1829190	-82.12
3006196	1829052	-100.9
3005761	1829009	-109.86
3006713	1829407	-84.98
3006066	1828904	-105.919
3006571	1829425	-82.91
3006864	1829329	-95.97
3006419	1829446	-78.12
3006863	1829355	-92.809
3006591	1829422	-76.639
3006315	1829039	-81.97
3006519	1829473	-77.169
3006643	1829352	-73.279
3006517	1829188	-83.239
3006864	1829462	-87.9
3006646	1829410	-74.25
3006523	1829488	-78.76
3006571	1829427	-83.099
3006568	1829439	-83.9
3006864	1829214	-96.22
3006650	1829340	-82.11
3006545	1829475	-75.26
3006560	1829191	-92.139
3005773	1829010	-109.589
3006001	1829161	-103.23
3006418	1829442	-77.809
3006141	1829037	-103.839
3006864	1829338	-96.199
3005998	1829169	-103.29
3006433	1829457	-75.949
3006601	1829356	-73.559
3006629	1829410	-74.73
3006328	1829048	-81.73
3006499	1829486	-76.559
3006465	1829483	-70.029
3006506	1829486	-76.879
3006625	1829543	-86.569
3006521	1829487	-79.309
3006695	1829408	-85.639
3006199	1829045	-102.139
3006704	1829407	-84.989
3006506	1829187	-83.75
3006329	1829050	-81.769
3006571	1829421	-83.19
3006696	1829408	-85.66
3006588	1829355	-73.889
3006403	1829169	-85.68
3006723	1829409	-88.73
3005747	1829008	-112.47
3006633	1829360	-73.709
3006197	1829051	-101.5
3006089	1829033	-107.26
3006505	1829486	-76.779
3006642	1829353	-73.779
3006000	1829164	-103.66
3006563	1829191	-91.93
3006417	1829176	-85.199
3006443	1829179	-86.73
3006570	1829432	-83.66
3006542	1829490	-75.97
3006485	1829468	-77.169
3006426	1829176	-85.08
3006195	1829058	-101.87
3006579	1829393	-81.11
3006625	1829456	-77.16
3006571	1829423	-83.58
3006683	1829365	-74.5
3006703	1829407	-85.309
3006681	1829364	-74.459
3006537	1829190	-74.949
3006324	1829046	-82.339
3006590	1829421	-77.41
3006541	1829490	-76.16
3005936	1829021	-108.08
3006581	1829393	-80.94
3006510	1829349	-82.709
3006503	1829486	-76.91
3006588	1829395	-75.949
3006355	1829344	-82.98
3006516	1829188	-83.98
3006636	1829360	-74.129
3006436	1829178	-87.4
3006544	1829490	-76.309
3006968	1829612	-100.29
3006644	1829352	-74.16
3006147	1829038	-100.769
3006637	1829360	-74.25
3006523	1829473	-77.19
3006772	1829407	-88.72
3006255	1829036	-101.18
3006412	1829013	-88.529
3006672	1829362	-74.639
3005977	1829025	-109.089
3006863	1829357	-92.209
3006821	1829407	-92.11
3006010	1829147	-104.97
3006264	1829036	-100.919
3006651	1829338	-83.83
3006193	1829068	-99.87
3006626	1829546	-87.47
3006197	1829050	-102.16
3006570	1829430	-84.459
3006705	1829407	-85.87
3006654	1829307	-88.41
3006529	1829473	-76.529
3006077	1829033	-106.43
3006683	1829408	-85.94
3006626	1829544	-87.44
3006525	1829488	-79.54
3006640	1829409	-75.449
3006476	1829484	-70.769
3005943	1829022	-108.669
3006570	1829429	-84.559
3006520	1829473	-78.25
3006625	1829459	-78.01
3006602	1829356	-74.62
3005838	1829014	-110.3
3006776	1829405	-87.43
3006540	1829191	-75.559
3006589	1829355	-74.889
3006749	1829408	-89.3
3006968	1829669	-102.68
3006567	1829446	-80.339
3006653	1829327	-85.129
3006748	1829408	-89.29
3006682	1829365	-75.25
3006024	1829148	-102.94
3006640	1829360	-74.809
3006399	1829150	-86.599
3006507	1829473	-79.65
3006592	1829408	-77.26
3006107	1829162	-98.37
3006522	1829473	-78.0
3006430	1829488	-70.15
3006194	1829061	-102.69
3006628	1829411	-76.11
3006198	1829048	-102.47
3006170	1829207	-97.68
3006863	1829358	-91.66
3006762	1829407	-88.919
3006472	1829484	-70.069
3006323	1829045	-83.33
3006318	1829041	-83.559
3006030	1829029	-103.769
3006587	1829395	-76.94
3006963	1829576	-86.11
3006988	1829661	-101.589
3006478	1829484	-72.559
3006442	1829179	-87.98
3006429	1829456	-79.419
3006206	1829037	-103.349
3006745	1829408	-89.51
3006002	1829157	-104.26
3006746	1829408	-89.589
3006495	1829187	-85.66
3006692	1829408	-87.069
3006712	1829407	-86.93
3006498	1829486	-78.54
3006961	1829456	-98.379
3006528	1829488	-79.36
3006646	1829348	-75.19
3006686	1829365	-75.8
3006435	1829178	-88.019
3006007	1829148	-105.68
3006625	1829461	-78.75
3006825	1829446	-80.41
3006782	1829405	-88.269
3006403	1829170	-87.319
3006738	1829408	-89.41
3006530	1829489	-78.97
3006316	1829040	-83.989
3006811	1829403	-89.709
3005929	1829021	-109.199
3006305	1829038	-84.389
3006424	1829177	-86.599
3006003	1829029	-107.5
3006584	1829394	-77.419
3006688	1829366	-76.05
3006401	1829168	-87.47
3006558	1829191	-93.739
3006580	1829393	-82.47
3006528	1829473	-77.62
3006825	1829452	-80.779
3006866	1829578	-91.379
3006670	1829362	-75.819
3006644	1829360	-75.569
3006419	1829444	-79.68
3006825	1829439	-80.55
3006825	1829449	-80.739
3006652	1829332	-87.489
3006198	1829046	-103.669
3006109	1829162	-99.059
3006551	1829475	-78.16
3006491	1829187	-86.11
3006468	1829465	-83.86
3006761	1829407	-89.5
3006662	1829361	-75.83
3006637	1829359	-75.61
3006009	1829147	-106.16
3006968	1829666	-103.51
3006429	1829177	-86.73
3006739	1829370	-77.519
3006168	1829040	-100.199
3006625	1829455	-78.9
3006407	1829173	-87.69
3006648	1829360	-75.849
3006758	1829407	-89.529
3006538	1829490	-78.05
3006062	1829157	-106.029
3006432	1829178	-86.839
3006765	1829407	-89.97
3006004	1829153	-106.05
3006864	1829334	-98.58
3006507	1829486	-79.449
3006243	1829036	-103.25
3006612	1829438	-78.849
3006640	1829355	-75.87
3006320	1829043	-84.37
3006399	1829148	-87.69
3006419	1829176	-87.209
3006709	1829407	-87.489
3006194	1829063	-103.19
3006968	1829594	-87.589
3006497	1829485	-79.44
3006212	1829034	-104.72
3006493	1829470	-78.379
3006694	1829367	-76.739
3006726	1829368	-77.5
3006004	1829154	-106.069
3006193	1829067	-101.5
3005984	1829214	-106.72
3006753	1829408	-90.839
3006399	1829163	-88.059
3006864	1829342	-98.529
3006464	1829465	-78.66
3006321	1829044	-84.519
3006702	1829407	-87.349
3006445	1829481	-71.769
3006693	1829408	-88.029
3006488	1829187	-86.72
3006180	1829145	-101.639
3006764	1829407	-90.22
3006655	1829297	-92.339
3006585	1829394	-78.129
3006400	1829163	-88.129
3006637	1829358	-76.16
3006086	1829033	-109.319
3006530	1829473	-78.12
3006171	1829205	-98.559
3006194	1829064	-103.22
3006795	1829403	-89.01
3006635	1829360	-76.22
3006191	1829072	-101.36
3006742	1829408	-90.44
3006167	1829170	-97.94
3006826	1829455	-81.68
3006459	1829482	-77.3
3006073	1829033	-107.489
3006590	1829398	-78.26
3006524	1829488	-81.55
3006204	1829038	-104.419
3006649	1829344	-76.33
3006725	1829368	-77.849
3005941	1829022	-110.489
3006864	1829330	-99.16
3006638	1829357	-76.379
3006066	1829156	-105.459
3006067	1829156	-105.44
3006815	1829403	-90.949
3006673	1829363	-76.849
3006561	1829191	-95.43
3006708	1829407	-88.069
3006864	1829453	-82.819
3006864	1829445	-82.65
3006119	1829164	-101.879
3006492	1829187	-87.11
3006865	1829464	-92.339
3005931	1829021	-110.489
3006678	1829363	-77.059
3006202	1829041	-104.41
3006775	1829406	-90.26
3006631	1829360	-76.669
3006416	1829175	-88.069
3006427	1829176	-87.839
3006217	1829034	-105.059
3006698	1829367	-77.569
3006477	1829484	-73.459
3006444	1829481	-72.339
3006487	1829187	-87.349
3006819	1829405	-92.47
3006420	1829176	-88.069
3006180	1829151	-102.639
3006044	1828977	-107.209
3006463	1829465	-78.669
3006647	1829346	-76.879
3006458	1829463	-78.0
3006475	1829484	-72.76
3006660	1829361	-77.16
3006050	1828957	-109.879
3006200	1829045	-105.48
3006647	1829360	-77.099
3006640	1829356	-77.01
3006218	1829034	-105.339
3006149	1829038	-101.139
3006154	1829306	-99.959
3006026	1829021	-105.69
3006473	1829484	-72.29
3006030	1829022	-105.79
3006181	1829138	-102.08
3006586	1829394	-78.989
3006162	1829257	-100.099
3006031	1829026	-105.819
3006468	1829483	-72.25
3006866	1829549	-85.75
3006701	1829367	-78.08
3006700	1829407	-88.36
3006642	1829360	-77.239
3006494	1829187	-87.699
3006088	1829033	-110.73
3006625	1829458	-80.55
3006486	1829469	-80.62
3006017	1829030	-106.12
3006090	1829158	-101.23
3006121	1829036	-109.449
3006655	1829299	-93.08
3006862	1829269	-95.669
3006810	1829403	-91.62
3006201	1829044	-105.739
3006866	1829552	-86.069
3006003	1829156	-106.519
3006583	1829394	-79.569
3006324	1829045	-85.76
3006768	1829407	-91.699
3005993	1829027	-109.529
3006326	1829046	-85.69
3006322	1829044	-85.9
3006495	1829471	-80.0
3006102	1829034	-110.47
3006472	1829187	-88.36
3006026	1829030	-106.29
3006438	1829178	-90.489
3006645	1829360	-77.629
3006864	1829461	-91.599
3006650	1829360	-77.709
3006495	1829485	-82.059
3006455	1829463	-75.919
3006401	1829167	-89.629
3006526	1829473	-80.029
3006809	1829403	-91.809
3006209	1829035	-106.139
3006729	1829368	-79.239
3006864	1829449	-83.87
3006399	1829149	-89.5
3006787	1829404	-90.22
3006864	1829454	-84.04
3006085	1829158	-102.419
3006164	1829251	-101.699
3006691	1829366	-78.47
3006539	1829490	-79.919
3006861	1829235	-103.23
3006676	1829363	-78.209
3006570	1829187	-96.08
3006866	1829620	-95.54
3006400	1829165	-89.819
3006654	1829305	-92.389
3006399	1829159	-89.779
3006827	1829464	-92.209
3006069	1829032	-107.949
3006176	1829041	-102.11
3006797	1829403	-90.86
3006201	1829043	-106.11
3006653	1829318	-85.349
3006864	1829379	-83.11
3006756	1829407	-91.559
3006667	1829362	-78.22
3006639	1829357	-77.94
3006767	1829407	-92.19
3006142	1829037	-107.8
3006834	1829379	-82.43
3006093	1829033	-111.22
3006704	1829367	-79.01
3006412	1829014	-92.279
3006779	1829405	-90.93
3006241	1829036	-105.51
3006083	1829033	-110.66
3006440	1829459	-77.739
3006641	1829354	-78.08
3006443	1829460	-77.04
3006827	1829459	-83.65
3006796	1829403	-91.019
3006654	1829300	-93.94
3006043	1829154	-104.94
3006705	1829367	-79.18
3006654	1829311	-90.47
3006737	1829408	-92.23
3006824	1829432	-83.05
3006504	1829486	-81.099
3006806	1829403	-92.089
3006703	1829367	-79.19
3006654	1829295	-93.83
3006803	1829403	-91.819
3006631	1829410	-79.339
3006720	1829367	-79.589
3006825	1829442	-83.339
3006963	1829560	-88.91
3006968	1829598	-90.099
3006571	1829185	-96.459
3006824	1829433	-83.16
3006863	1829359	-93.23
3006119	1829036	-110.589
3006783	1829405	-91.339
3006445	1829180	-91.68
3006527	1829473	-80.62
3006405	1829172	-90.33
3006535	1829489	-80.97
3006699	1829407	-89.48
3006654	1829302	-93.72
3006103	1829161	-101.949
3006863	1829325	-101.819
3006740	1829370	-80.309
3006117	1829163	-103.669
3006160	1829039	-100.25
3006413	1829174	-89.959
3006693	1829367	-79.29
3006059	1829157	-108.389
3006798	1829403	-91.66
3006030	1829023	-107.099
3006168	1829168	-100.309
3006181	1829144	-104.04
3006793	1829404	-91.79
3006826	1829454	-84.059
3006824	1829436	-83.62
3006087	1829158	-102.949
3006478	1829187	-89.51
3006961	1829453	-101.98
3006657	1829361	-79.0
3006818	1829404	-93.79
3006060	1829157	-108.97
3006789	1829404	-91.559
3006236	1829035	-106.44
3006864	1829327	-101.889
3006985	1829661	-105.569
3006785	1829373	-81.94
3006864	1829446	-85.029
3006678	1829364	-79.349
3006760	1829371	-81.279
3006124	1829165	-104.26
3006833	1829379	-83.4
3006451	1829462	-77.209
3006412	1829016	-93.3
3006651	1829360	-79.15
3006813	1829403	-93.559
3006524	1829473	-81.769
3005767	1829010	-114.97
3006183	1829131	-103.22
3006414	1829175	-90.51
3006656	1829361	-79.26
3006044	1829154	-106.15
3006707	1829367	-80.209
3006710	1829367	-80.279
3006463	1829183	-90.059
3006738	1829369	-80.959
3006079	1829033	-111.269
3006734	1829369	-80.879
3006534	1829489	-81.97
3006653	1829314	-90.459
3006476	1829187	-90.01
3006659	1829361	-79.44
3006462	1829183	-90.18
3006179	1829152	-100.129
3006463	1829184	-90.209
3006968	1829581	-90.569
3006685	1829365	-79.83
3006466	1829185	-90.26
3006446	1829180	-92.169
3006047	1829027	-108.139
3006459	1829181	-90.25
3006399	1829157	-91.279
3006680	1829364	-79.849
3006306	1829038	-88.37
3006865	1829468	-95.47
3006172	1829199	-99.809
3006485	1829187	-90.069
3006170	1829041	-104.54
3006536	1829490	-81.989
3006768	1829372	-82.04
3006457	1829482	-81.69
3006665	1829361	-79.769
3006092	1829159	-103.489
3006101	1829161	-103.16
3006160	1829170	-101.11
3006445	1829461	-77.72
3005998	1829028	-110.01
3006024	1829030	-108.309
3006460	1829463	-81.86
3006967	1829614	-105.94
3006163	1829040	-101.339
3006036	1829009	-107.69
3006057	1828932	-112.569
3006562	1829191	-97.72
3006480	1829187	-90.37
3006028	1829029	-108.419
3006786	1829404	-92.139
3006191	1829074	-105.37
3006051	1828952	-112.739
3006653	1829325	-89.0
3006399	1829147	-91.47
3006213	1829034	-108.29
3006038	1828994	-107.9
3006865	1829492	-95.769
3006646	1829349	-79.699
3006040	1829153	-105.97
3006465	1829184	-90.66
3006157	1829169	-100.72
3006571	1829184	-97.919
3006399	1829152	-91.669
3006865	1829489	-95.86
3006648	1829345	-79.83
3006082	1829033	-112.349
3006825	1829445	-85.019
3006203	1829040	-107.989
3006862	1829370	-84.989
3006817	1829403	-94.389
3006037	1828999	-107.419
3006080	1829033	-112.18
3006182	1829136	-104.86
3006085	1829033	-112.959
3006527	1829488	-84.489
3006743	1829370	-82.0
3006025	1829021	-108.68
3006075	1829033	-111.529
3006573	1829177	-97.989
3006649	1829360	-80.209
3006461	1829464	-81.75
3006469	1829186	-91.0
3006455	1829181	-91.099
3006537	1829490	-82.51
3006479	1829187	-90.87
3006158	1829284	-104.699
3006471	1829186	-91.069
3006723	1829368	-81.65
3006864	1829418	-85.94
3006412	1829015	-94.58
3006717	1829367	-81.61
3006728	1829368	-81.87
3006801	1829403	-93.769
3006051	1829157	-108.739
3006050	1829156	-108.61
3006565	1829190	-98.819
3006028	1829022	-109.059
3006654	1829312	-92.239
3006864	1829457	-86.819
3006865	1829465	-96.519
3006181	1829041	-106.61
3006863	1829321	-104.129
3006861	1829374	-85.61
3006453	1829462	-79.199
3006028	1829021	-108.94
3006154	1829038	-102.129
3006572	1829182	-98.61
3006811	1829376	-84.379
3006827	1829458	-86.08
3006183	1829130	-104.449
3006133	1829167	-100.75
3006654	1829309	-93.639
3006702	1829367	-81.589
3006467	1829186	-91.58
3006566	1829189	-99.04
3006464	1829184	-91.62
3006051	1829029	-109.5
3006865	1829480	-96.69
3006031	1829023	-109.54
3006865	1829477	-97.059
3006864	1829370	-85.87
3006457	1829463	-81.279
3006461	1829183	-91.739
3006865	1829517	-98.33
3006864	1829328	-103.58
3006031	1829027	-109.58
3006059	1829032	-109.639
3006750	1829370	-82.949
3006450	1829180	-91.519
3006525	1829473	-83.419
3006582	1829393	-83.059
3006715	1829367	-82.15
3006457	1829181	-91.849
3006042	1828982	-111.239
3006790	1829404	-93.779
3006055	1829031	-109.79
3006040	1829153	-107.22
3006055	1828939	-113.98
3006696	1829367	-81.809
3006669	1829362	-81.319
3006653	1829316	-90.61
3006412	1829012	-87.779
3006439	1829458	-82.08
3006095	1829160	-104.98
3006013	1829030	-110.269
3006177	1829164	-102.629
3006865	1829512	-98.37
3006766	1829372	-83.69
3006777	1829373	-84.029
3006747	1829370	-83.22
3006452	1829180	-92.25
3006664	1829361	-81.519
3006804	1829375	-84.889
3006865	1829499	-97.48
3006529	1829489	-85.23
3006174	1829041	-106.209
3006564	1829190	-99.779
3006735	1829369	-83.11
3006689	1829366	-82.059
3006058	1829031	-110.199
3006036	1829013	-109.819
3006655	1829291	-97.029
3006568	1829189	-99.86
3006568	1829188	-99.839
3006191	1829080	-106.949
3006780	1829373	-84.459
3006744	1829370	-83.51
3006864	1829433	-87.419
3006154	1829169	-101.339
3006041	1828984	-111.93
3006763	1829372	-84.069
3006484	1829187	-92.309
3006708	1829367	-82.76
3006865	1829476	-97.949
3006182	1829042	-108.04
3006861	1829373	-86.779
3006961	1829449	-104.87
3006862	1829262	-104.839
3006772	1829372	-84.489
3006804	1829403	-95.51
3006020	1829030	-110.19
3006754	1829371	-84.029
3006865	1829508	-98.47
3006699	1829367	-82.739
3005993	1829186	-109.699
3006460	1829183	-92.879
3006830	1829378	-86.309
3006205	1829038	-110.129
3006653	1829317	-90.68
3006300	1829038	-91.18
3006173	1829189	-102.889
3006573	1829180	-100.029
3006762	1829371	-84.43
3006654	1829294	-97.72
3006169	1829213	-104.989
3006177	1829166	-103.699
3006482	1829187	-92.76
3006769	1829372	-84.69
3006865	1829483	-98.0
3006532	1829489	-85.22
3006179	1829159	-103.349
3006732	1829368	-83.769
3006757	1829371	-84.43
3006412	1829003	-89.139
3006814	1829376	-86.12
3006731	1829368	-83.839
3006412	1829011	-89.029
3006408	1829059	-95.309
3006038	1828995	-109.779
3006847	1829379	-87.069
3006448	1829461	-80.879
3006576	1829151	-99.48
3006407	1829071	-95.449
3006653	1829322	-89.669
3006967	1829619	-107.389
3006863	1829363	-87.339
3006855	1829378	-87.3
3006168	1829166	-104.019
3006190	1829087	-105.849
3006036	1829004	-110.15
3006408	1829063	-95.47
3006054	1829030	-111.19
3006036	1829006	-110.309
3006048	1828964	-113.0
3006646	1829360	-82.5
3006408	1829060	-95.51
3006653	1829361	-82.589
3006775	1829372	-85.22
3006808	1829375	-86.25
3006700	1829367	-83.43
3006865	1829479	-98.76
3006081	1829157	-106.139
3006041	1829022	-111.239
3006123	1829165	-107.93
3006756	1829371	-84.83
3006050	1828959	-115.25
3006864	1829442	-88.62
3006863	1829366	-87.639
3006643	1829353	-82.69
3006863	1829362	-87.75
3006638	1829360	-82.779
3006765	1829372	-85.25
3006165	1829170	-104.5
3006782	1829373	-85.769
3006863	1829323	-106.22
3006865	1829472	-98.919
3006864	1829450	-89.08
3006572	1829183	-100.98
3006864	1829326	-106.129
3006571	1829186	-101.129
3006072	1829033	-113.889
3006399	1829130	-87.699
3006778	1829373	-85.819
3006863	1829361	-87.949
3006759	1829371	-85.279
3006454	1829181	-93.97
3006038	1829018	-111.559
3006031	1829024	-111.569
3006460	1829482	-82.91
3006045	1828972	-113.419
3006655	1829298	-99.059
3006037	1829001	-110.66
3006864	1829456	-89.44
3006043	1829026	-111.93
3006864	1829378	-88.379
3006860	1829375	-88.239
3006399	1829130	-88.019
3006864	1829376	-88.44
3006036	1829015	-111.75
3006401	1829120	-88.25
3006040	1828988	-113.559
3006410	1829019	-90.04
3006713	1829367	-84.58
3006865	1829500	-99.599
3006449	1829180	-94.489
3006798	1829374	-86.87
3006057	1828931	-116.4
3006450	1829462	-81.51
3006837	1829379	-88.05
3006968	1829663	-111.239
3006169	1829215	-106.589
3006399	1829134	-88.26
3006062	1829032	-112.279
3006067	1829032	-112.29
3006863	1829364	-88.73
3006863	1829365	-88.76
3006191	1829079	-109.47
3006399	1829135	-88.43
3006845	1829379	-88.48
3006189	1829042	-110.73
3006864	1829369	-88.919
3006410	1829022	-90.44
3006864	1829419	-89.55
3006753	1829371	-86.08
3006863	1829367	-88.98
3006400	1829123	-88.839
3006857	1829377	-88.989
3006187	1829105	-107.239
3006864	1829416	-89.62
3006186	1829112	-107.349
3006036	1829010	-112.16
3006805	1829375	-87.66
3006961	1829431	-106.239
3006722	1829368	-85.459
3006827	1829377	-88.33
3006836	1829379	-88.58
3006187	1829103	-107.389
3006719	1829367	-85.54
3006047	1828966	-114.309
3006864	1829385	-89.54
3006399	1829139	-88.889
3006787	1829373	-87.4
3006156	1829039	-105.9
3006064	1829032	-113.029
3006172	1829197	-104.41
3006771	1829372	-87.11
3006813	1829376	-88.349
3006412	1829005	-91.4
3006174	1829182	-106.44
3006864	1829372	-89.629
3006207	1829036	-112.819
3006048	1829028	-113.36
3006413	1829000	-91.55
3006801	1829375	-88.089
3006746	1829370	-86.599
3006960	1829427	-106.849
3006960	1829423	-106.669
3006791	1829374	-87.86
3006402	1829117	-89.599
3006655	1829292	-100.339
3006810	1829376	-88.489
3006861	1829372	-89.8
3006846	1829379	-89.55
3006176	1829172	-106.68
3006774	1829372	-87.58
3006840	1829379	-89.44
3006400	1829122	-89.769
3006862	1829368	-89.889
3006863	1829320	-108.559
3006859	1829376	-90.0
3006712	1829367	-86.139
3006864	1829424	-90.72
3006410	1829017	-91.72
3006865	1829473	-101.36
3006840	1829379	-89.66
3006039	1829019	-113.669
3006581	1829107	-100.76
3006057	1829031	-113.9
3006864	1829424	-90.86
3006963	1829575	-96.22
3006864	1829373	-90.319
3006061	1829032	-113.919
3006186	1829110	-108.51
3006749	1829370	-87.269
3006185	1829117	-108.349
3006864	1829402	-90.8
3006864	1829434	-91.19
3006961	1829475	-94.08
3006853	1829378	-90.279
3006045	1828971	-115.69
3006412	1829009	-92.279
3006575	1829162	-102.739
3006844	1829379	-90.199
3006737	1829369	-87.279
3006655	1829361	-85.699
3006410	1829020	-92.26
3006412	1829008	-92.48
3006175	1829174	-107.5
3006400	1829126	-90.47
3006579	1829128	-102.55
3006864	1829388	-90.989
3006858	1829377	-90.73
3006864	1829431	-91.569
3006820	1829377	-89.83
3006399	1829137	-90.4
3006190	1829085	-109.29
3006410	1829018	-92.55
3006865	1829504	-102.169
3006401	1829119	-90.849
3006162	1829170	-107.589
3006788	1829373	-89.15
3006862	1829371	-91.11
3006399	1829145	-90.629
3006173	1829191	-106.41
3006400	1829129	-90.949
3006411	1829017	-92.87
3006166	1829231	-106.58
3006823	1829426	-90.94
3006147	1829168	-105.86
3006402	1829111	-91.29
3006864	1829406	-91.79
3006865	1829484	-102.18
3006863	1829319	-109.9
3006962	1829548	-96.589
3006864	1829382	-91.529
3006174	1829180	-108.25
3006399	1829132	-91.069
3006142	1829168	-107.089
3006060	1829032	-115.169
3006823	1829429	-91.209
3006864	1829422	-92.269
3006864	1829413	-92.22
3006864	1829395	-92.069
3006864	1829421	-92.379
3006138	1829167	-107.54
3006817	1829376	-90.79
3006864	1829377	-92.01
3006793	1829374	-90.15
3006790	1829374	-90.08
3006856	1829377	-91.919
3006961	1829459	-109.86
3006797	1829374	-90.41
3006179	1829157	-108.19
3006864	1829399	-92.559
3006807	1829375	-90.809
3006166	1829229	-109.8
3006849	1829379	-91.98
3006864	1829407	-92.8
3006574	1829175	-105.11
3006795	1829374	-90.62
3006403	1829102	-92.5
3006403	1829101	-92.559
3006403	1829104	-92.529
3006411	1829016	-94.069
3006402	1829116	-92.41
3006784	1829373	-90.459
3006582	1829101	-102.79
3006864	1829398	-92.959
3006141	1829168	-108.29
3006960	1829421	-109.58
3006823	1829377	-91.73
3006410	1829023	-94.23
3006410	1829021	-94.4
3006800	1829374	-91.269
3006864	1829401	-93.349
3006403	1829105	-93.089
3006400	1829128	-92.73
3006402	1829108	-93.139
3006864	1829415	-93.68
3006150	1829168	-107.139
3006574	1829176	-106.08
3006864	1829387	-93.519
3006653	1829321	-88.19
3006406	1829078	-93.76
3006824	1829377	-92.419
3006851	1829378	-93.18
3006184	1829119	-109.48
3006410	1829027	-94.83
3006864	1829393	-93.849
3006184	1829123	-109.29
3006960	1829425	-110.65
3006962	1829538	-98.639
3006864	1829426	-94.36
3006821	1829377	-92.72
3006575	1829167	-106.5
3006864	1829437	-94.72
3006409	1829033	-95.22
3006864	1829384	-94.12
3006864	1829391	-94.279
3006962	1829545	-99.339
3006961	1829408	-110.269
3006410	1829029	-95.589
3006851	1829379	-94.099
3006406	1829084	-94.73
3006864	1829396	-94.73
3006864	1829441	-95.4
3006406	1829080	-95.01
3006410	1829025	-96.139
3006864	1829427	-95.379
3006409	1829031	-96.05
3006864	1829390	-95.019
3006409	1829044	-95.9
3006962	1829480	-98.589
3006863	1829312	-113.059
3006406	1829075	-95.51
3006653	1829319	-89.959
3006575	1829164	-107.68
3006864	1829438	-95.959
